Region,Date,Pollutant,Concentration_µg/m³
Mesolongi,2023-01-01 00:00:00,Ozone (O₃) µg/m³,52.514126
Mesolongi,2023-01-01 08:00:00,Ozone (O₃) µg/m³,63.91071
Mesolongi,2023-01-01 16:00:00,Ozone (O₃) µg/m³,59.608585
Mesolongi,2023-01-02 00:00:00,Ozone (O₃) µg/m³,51.317432
Mesolongi,2023-01-02 08:00:00,Ozone (O₃) µg/m³,61.518707
Mesolongi,2023-01-02 16:00:00,Ozone (O₃) µg/m³,50.265587
Mesolongi,2023-01-03 00:00:00,Ozone (O₃) µg/m³,42.42437
Mesolongi,2023-01-03 08:00:00,Ozone (O₃) µg/m³,58.17227
Mesolongi,2023-01-03 16:00:00,Ozone (O₃) µg/m³,52.270638
Mesolongi,2023-01-04 00:00:00,Ozone (O₃) µg/m³,48.273327
Mesolongi,2023-01-04 08:00:00,Ozone (O₃) µg/m³,62.87666
Mesolongi,2023-01-04 16:00:00,Ozone (O₃) µg/m³,50.3776
Mesolongi,2023-01-05 00:00:00,Ozone (O₃) µg/m³,36.73527
Mesolongi,2023-01-05 08:00:00,Ozone (O₃) µg/m³,54.712326
Mesolongi,2023-01-05 16:00:00,Ozone (O₃) µg/m³,53.43949
Mesolongi,2023-01-06 00:00:00,Ozone (O₃) µg/m³,45.247063
Mesolongi,2023-01-06 08:00:00,Ozone (O₃) µg/m³,61.61767
Mesolongi,2023-01-06 16:00:00,Ozone (O₃) µg/m³,52.628006
Mesolongi,2023-01-07 00:00:00,Ozone (O₃) µg/m³,46.960632
Mesolongi,2023-01-07 08:00:00,Ozone (O₃) µg/m³,60.518314
Mesolongi,2023-01-07 16:00:00,Ozone (O₃) µg/m³,53.012306
Mesolongi,2023-01-08 00:00:00,Ozone (O₃) µg/m³,43.758987
Mesolongi,2023-01-08 08:00:00,Ozone (O₃) µg/m³,63.467186
Mesolongi,2023-01-08 16:00:00,Ozone (O₃) µg/m³,57.63421
Mesolongi,2023-01-09 00:00:00,Ozone (O₃) µg/m³,44.06479
Mesolongi,2023-01-09 08:00:00,Ozone (O₃) µg/m³,65.89615
Mesolongi,2023-01-09 16:00:00,Ozone (O₃) µg/m³,74.19443
Mesolongi,2023-01-10 00:00:00,Ozone (O₃) µg/m³,75.43917
Mesolongi,2023-01-10 08:00:00,Ozone (O₃) µg/m³,75.022644
Mesolongi,2023-01-10 16:00:00,Ozone (O₃) µg/m³,69.65719
Mesolongi,2023-01-11 00:00:00,Ozone (O₃) µg/m³,54.156136
Mesolongi,2023-01-11 08:00:00,Ozone (O₃) µg/m³,63.027676
Mesolongi,2023-01-11 16:00:00,Ozone (O₃) µg/m³,54.1093
Mesolongi,2023-01-12 00:00:00,Ozone (O₃) µg/m³,39.72991
Mesolongi,2023-01-12 08:00:00,Ozone (O₃) µg/m³,57.42032
Mesolongi,2023-01-12 16:00:00,Ozone (O₃) µg/m³,51.386406
Mesolongi,2023-01-13 00:00:00,Ozone (O₃) µg/m³,45.821007
Mesolongi,2023-01-13 08:00:00,Ozone (O₃) µg/m³,64.35689
Mesolongi,2023-01-13 16:00:00,Ozone (O₃) µg/m³,54.46282
Mesolongi,2023-01-14 00:00:00,Ozone (O₃) µg/m³,46.88057
Mesolongi,2023-01-14 08:00:00,Ozone (O₃) µg/m³,62.616478
Mesolongi,2023-01-14 16:00:00,Ozone (O₃) µg/m³,60.356583
Mesolongi,2023-01-15 00:00:00,Ozone (O₃) µg/m³,48.668854
Mesolongi,2023-01-15 08:00:00,Ozone (O₃) µg/m³,62.604305
Mesolongi,2023-01-15 16:00:00,Ozone (O₃) µg/m³,51.8889
Mesolongi,2023-01-16 00:00:00,Ozone (O₃) µg/m³,42.036804
Mesolongi,2023-01-16 08:00:00,Ozone (O₃) µg/m³,68.901535
Mesolongi,2023-01-16 16:00:00,Ozone (O₃) µg/m³,81.70932
Mesolongi,2023-01-17 00:00:00,Ozone (O₃) µg/m³,81.425095
Mesolongi,2023-01-17 08:00:00,Ozone (O₃) µg/m³,81.88014
Mesolongi,2023-01-17 16:00:00,Ozone (O₃) µg/m³,84.820305
Mesolongi,2023-01-18 00:00:00,Ozone (O₃) µg/m³,79.33107
Mesolongi,2023-01-18 08:00:00,Ozone (O₃) µg/m³,78.16813
Mesolongi,2023-01-18 16:00:00,Ozone (O₃) µg/m³,74.474174
Mesolongi,2023-01-19 00:00:00,Ozone (O₃) µg/m³,69.274185
Mesolongi,2023-01-19 08:00:00,Ozone (O₃) µg/m³,76.01839
Mesolongi,2023-01-19 16:00:00,Ozone (O₃) µg/m³,73.846016
Mesolongi,2023-01-20 00:00:00,Ozone (O₃) µg/m³,72.84379
Mesolongi,2023-01-20 08:00:00,Ozone (O₃) µg/m³,68.520164
Mesolongi,2023-01-20 16:00:00,Ozone (O₃) µg/m³,72.191055
Mesolongi,2023-01-21 00:00:00,Ozone (O₃) µg/m³,76.16374
Mesolongi,2023-01-21 08:00:00,Ozone (O₃) µg/m³,75.45909
Mesolongi,2023-01-21 16:00:00,Ozone (O₃) µg/m³,69.11897
Mesolongi,2023-01-22 00:00:00,Ozone (O₃) µg/m³,64.287735
Mesolongi,2023-01-22 08:00:00,Ozone (O₃) µg/m³,74.25861
Mesolongi,2023-01-22 16:00:00,Ozone (O₃) µg/m³,68.75955
Mesolongi,2023-01-23 00:00:00,Ozone (O₃) µg/m³,65.54359
Mesolongi,2023-01-23 08:00:00,Ozone (O₃) µg/m³,69.54901
Mesolongi,2023-01-23 16:00:00,Ozone (O₃) µg/m³,72.95315
Mesolongi,2023-01-24 00:00:00,Ozone (O₃) µg/m³,65.25121
Mesolongi,2023-01-24 08:00:00,Ozone (O₃) µg/m³,75.724075
Mesolongi,2023-01-24 16:00:00,Ozone (O₃) µg/m³,69.06203
Mesolongi,2023-01-25 00:00:00,Ozone (O₃) µg/m³,62.688408
Mesolongi,2023-01-25 08:00:00,Ozone (O₃) µg/m³,62.136856
Mesolongi,2023-01-25 16:00:00,Ozone (O₃) µg/m³,57.58801
Mesolongi,2023-01-26 00:00:00,Ozone (O₃) µg/m³,59.46383
Mesolongi,2023-01-26 08:00:00,Ozone (O₃) µg/m³,65.257614
Mesolongi,2023-01-26 16:00:00,Ozone (O₃) µg/m³,63.757534
Mesolongi,2023-01-27 00:00:00,Ozone (O₃) µg/m³,68.259155
Mesolongi,2023-01-27 08:00:00,Ozone (O₃) µg/m³,71.60952
Mesolongi,2023-01-27 16:00:00,Ozone (O₃) µg/m³,70.50935
Mesolongi,2023-01-28 00:00:00,Ozone (O₃) µg/m³,64.09844
Mesolongi,2023-01-28 08:00:00,Ozone (O₃) µg/m³,71.28851
Mesolongi,2023-01-28 16:00:00,Ozone (O₃) µg/m³,69.28269
Mesolongi,2023-01-29 00:00:00,Ozone (O₃) µg/m³,61.734535
Mesolongi,2023-01-29 08:00:00,Ozone (O₃) µg/m³,64.49982
Mesolongi,2023-01-29 16:00:00,Ozone (O₃) µg/m³,63.914978
Mesolongi,2023-01-30 00:00:00,Ozone (O₃) µg/m³,58.320427
Mesolongi,2023-01-30 08:00:00,Ozone (O₃) µg/m³,72.27662
Mesolongi,2023-01-30 16:00:00,Ozone (O₃) µg/m³,67.3411
Mesolongi,2023-01-31 00:00:00,Ozone (O₃) µg/m³,55.762848
Mesolongi,2023-01-31 08:00:00,Ozone (O₃) µg/m³,68.06488
Mesolongi,2023-01-31 16:00:00,Ozone (O₃) µg/m³,65.27231
Nafplio,2023-01-01 00:00:00,Ozone (O₃) µg/m³,40.99435
Nafplio,2023-01-01 08:00:00,Ozone (O₃) µg/m³,64.122665
Nafplio,2023-01-01 16:00:00,Ozone (O₃) µg/m³,49.92616
Nafplio,2023-01-02 00:00:00,Ozone (O₃) µg/m³,44.186806
Nafplio,2023-01-02 08:00:00,Ozone (O₃) µg/m³,66.885895
Nafplio,2023-01-02 16:00:00,Ozone (O₃) µg/m³,58.720554
Nafplio,2023-01-03 00:00:00,Ozone (O₃) µg/m³,53.48633
Nafplio,2023-01-03 08:00:00,Ozone (O₃) µg/m³,63.18852
Nafplio,2023-01-03 16:00:00,Ozone (O₃) µg/m³,58.275105
Nafplio,2023-01-04 00:00:00,Ozone (O₃) µg/m³,49.961807
Nafplio,2023-01-04 08:00:00,Ozone (O₃) µg/m³,58.407787
Nafplio,2023-01-04 16:00:00,Ozone (O₃) µg/m³,40.18928
Nafplio,2023-01-05 00:00:00,Ozone (O₃) µg/m³,34.04283
Nafplio,2023-01-05 08:00:00,Ozone (O₃) µg/m³,57.246628
Nafplio,2023-01-05 16:00:00,Ozone (O₃) µg/m³,46.248386
Nafplio,2023-01-06 00:00:00,Ozone (O₃) µg/m³,43.282455
Nafplio,2023-01-06 08:00:00,Ozone (O₃) µg/m³,62.16387
Nafplio,2023-01-06 16:00:00,Ozone (O₃) µg/m³,48.3949
Nafplio,2023-01-07 00:00:00,Ozone (O₃) µg/m³,43.0812
Nafplio,2023-01-07 08:00:00,Ozone (O₃) µg/m³,58.99642
Nafplio,2023-01-07 16:00:00,Ozone (O₃) µg/m³,50.2861
Nafplio,2023-01-08 00:00:00,Ozone (O₃) µg/m³,43.024574
Nafplio,2023-01-08 08:00:00,Ozone (O₃) µg/m³,63.067066
Nafplio,2023-01-08 16:00:00,Ozone (O₃) µg/m³,51.747375
Nafplio,2023-01-09 00:00:00,Ozone (O₃) µg/m³,47.490074
Nafplio,2023-01-09 08:00:00,Ozone (O₃) µg/m³,64.14787
Nafplio,2023-01-09 16:00:00,Ozone (O₃) µg/m³,61.128914
Nafplio,2023-01-10 00:00:00,Ozone (O₃) µg/m³,67.96128
Nafplio,2023-01-10 08:00:00,Ozone (O₃) µg/m³,71.91346
Nafplio,2023-01-10 16:00:00,Ozone (O₃) µg/m³,69.96036
Nafplio,2023-01-11 00:00:00,Ozone (O₃) µg/m³,51.412853
Nafplio,2023-01-11 08:00:00,Ozone (O₃) µg/m³,63.003014
Nafplio,2023-01-11 16:00:00,Ozone (O₃) µg/m³,45.819183
Nafplio,2023-01-12 00:00:00,Ozone (O₃) µg/m³,37.676697
Nafplio,2023-01-12 08:00:00,Ozone (O₃) µg/m³,58.21449
Nafplio,2023-01-12 16:00:00,Ozone (O₃) µg/m³,43.268627
Nafplio,2023-01-13 00:00:00,Ozone (O₃) µg/m³,38.43638
Nafplio,2023-01-13 08:00:00,Ozone (O₃) µg/m³,62.231308
Nafplio,2023-01-13 16:00:00,Ozone (O₃) µg/m³,49.12025
Nafplio,2023-01-14 00:00:00,Ozone (O₃) µg/m³,45.10288
Nafplio,2023-01-14 08:00:00,Ozone (O₃) µg/m³,58.687656
Nafplio,2023-01-14 16:00:00,Ozone (O₃) µg/m³,55.13805
Nafplio,2023-01-15 00:00:00,Ozone (O₃) µg/m³,41.226147
Nafplio,2023-01-15 08:00:00,Ozone (O₃) µg/m³,51.35881
Nafplio,2023-01-15 16:00:00,Ozone (O₃) µg/m³,48.60331
Nafplio,2023-01-16 00:00:00,Ozone (O₃) µg/m³,40.1838
Nafplio,2023-01-16 08:00:00,Ozone (O₃) µg/m³,59.91133
Nafplio,2023-01-16 16:00:00,Ozone (O₃) µg/m³,67.660355
Nafplio,2023-01-17 00:00:00,Ozone (O₃) µg/m³,74.25417
Nafplio,2023-01-17 08:00:00,Ozone (O₃) µg/m³,78.6244
Nafplio,2023-01-17 16:00:00,Ozone (O₃) µg/m³,76.11267
Nafplio,2023-01-18 00:00:00,Ozone (O₃) µg/m³,71.68333
Nafplio,2023-01-18 08:00:00,Ozone (O₃) µg/m³,78.72888
Nafplio,2023-01-18 16:00:00,Ozone (O₃) µg/m³,71.23557
Nafplio,2023-01-19 00:00:00,Ozone (O₃) µg/m³,68.44126
Nafplio,2023-01-19 08:00:00,Ozone (O₃) µg/m³,77.01671
Nafplio,2023-01-19 16:00:00,Ozone (O₃) µg/m³,75.22658
Nafplio,2023-01-20 00:00:00,Ozone (O₃) µg/m³,71.28914
Nafplio,2023-01-20 08:00:00,Ozone (O₃) µg/m³,69.753235
Nafplio,2023-01-20 16:00:00,Ozone (O₃) µg/m³,65.22417
Nafplio,2023-01-21 00:00:00,Ozone (O₃) µg/m³,68.5702
Nafplio,2023-01-21 08:00:00,Ozone (O₃) µg/m³,78.28518
Nafplio,2023-01-21 16:00:00,Ozone (O₃) µg/m³,69.24791
Nafplio,2023-01-22 00:00:00,Ozone (O₃) µg/m³,54.220695
Nafplio,2023-01-22 08:00:00,Ozone (O₃) µg/m³,70.140915
Nafplio,2023-01-22 16:00:00,Ozone (O₃) µg/m³,70.038376
Nafplio,2023-01-23 00:00:00,Ozone (O₃) µg/m³,57.70835
Nafplio,2023-01-23 08:00:00,Ozone (O₃) µg/m³,75.78471
Nafplio,2023-01-23 16:00:00,Ozone (O₃) µg/m³,65.91108
Nafplio,2023-01-24 00:00:00,Ozone (O₃) µg/m³,59.45118
Nafplio,2023-01-24 08:00:00,Ozone (O₃) µg/m³,72.15218
Nafplio,2023-01-24 16:00:00,Ozone (O₃) µg/m³,65.09187
Nafplio,2023-01-25 00:00:00,Ozone (O₃) µg/m³,53.3366
Nafplio,2023-01-25 08:00:00,Ozone (O₃) µg/m³,55.247055
Nafplio,2023-01-25 16:00:00,Ozone (O₃) µg/m³,47.855335
Nafplio,2023-01-26 00:00:00,Ozone (O₃) µg/m³,45.670815
Nafplio,2023-01-26 08:00:00,Ozone (O₃) µg/m³,54.342583
Nafplio,2023-01-26 16:00:00,Ozone (O₃) µg/m³,46.463413
Nafplio,2023-01-27 00:00:00,Ozone (O₃) µg/m³,47.85737
Nafplio,2023-01-27 08:00:00,Ozone (O₃) µg/m³,72.76233
Nafplio,2023-01-27 16:00:00,Ozone (O₃) µg/m³,57.544884
Nafplio,2023-01-28 00:00:00,Ozone (O₃) µg/m³,45.835236
Nafplio,2023-01-28 08:00:00,Ozone (O₃) µg/m³,73.505226
Nafplio,2023-01-28 16:00:00,Ozone (O₃) µg/m³,66.466576
Nafplio,2023-01-29 00:00:00,Ozone (O₃) µg/m³,42.453316
Nafplio,2023-01-29 08:00:00,Ozone (O₃) µg/m³,57.747627
Nafplio,2023-01-29 16:00:00,Ozone (O₃) µg/m³,55.37523
Nafplio,2023-01-30 00:00:00,Ozone (O₃) µg/m³,49.091675
Nafplio,2023-01-30 08:00:00,Ozone (O₃) µg/m³,59.087578
Nafplio,2023-01-30 16:00:00,Ozone (O₃) µg/m³,55.924362
Nafplio,2023-01-31 00:00:00,Ozone (O₃) µg/m³,48.847622
Nafplio,2023-01-31 08:00:00,Ozone (O₃) µg/m³,67.53566
Nafplio,2023-01-31 16:00:00,Ozone (O₃) µg/m³,60.66638
Tripoli,2023-01-01 00:00:00,Ozone (O₃) µg/m³,52.076393
Tripoli,2023-01-01 08:00:00,Ozone (O₃) µg/m³,64.705505
Tripoli,2023-01-01 16:00:00,Ozone (O₃) µg/m³,54.036026
Tripoli,2023-01-02 00:00:00,Ozone (O₃) µg/m³,55.657295
Tripoli,2023-01-02 08:00:00,Ozone (O₃) µg/m³,66.35787
Tripoli,2023-01-02 16:00:00,Ozone (O₃) µg/m³,50.30567
Tripoli,2023-01-03 00:00:00,Ozone (O₃) µg/m³,56.57166
Tripoli,2023-01-03 08:00:00,Ozone (O₃) µg/m³,63.312065
Tripoli,2023-01-03 16:00:00,Ozone (O₃) µg/m³,48.476364
Tripoli,2023-01-04 00:00:00,Ozone (O₃) µg/m³,52.45822
Tripoli,2023-01-04 08:00:00,Ozone (O₃) µg/m³,57.5698
Tripoli,2023-01-04 16:00:00,Ozone (O₃) µg/m³,39.898094
Tripoli,2023-01-05 00:00:00,Ozone (O₃) µg/m³,40.797035
Tripoli,2023-01-05 08:00:00,Ozone (O₃) µg/m³,61.44835
Tripoli,2023-01-05 16:00:00,Ozone (O₃) µg/m³,52.311333
Tripoli,2023-01-06 00:00:00,Ozone (O₃) µg/m³,54.362732
Tripoli,2023-01-06 08:00:00,Ozone (O₃) µg/m³,64.50766
Tripoli,2023-01-06 16:00:00,Ozone (O₃) µg/m³,47.278484
Tripoli,2023-01-07 00:00:00,Ozone (O₃) µg/m³,52.859066
Tripoli,2023-01-07 08:00:00,Ozone (O₃) µg/m³,63.125774
Tripoli,2023-01-07 16:00:00,Ozone (O₃) µg/m³,47.210075
Tripoli,2023-01-08 00:00:00,Ozone (O₃) µg/m³,51.271942
Tripoli,2023-01-08 08:00:00,Ozone (O₃) µg/m³,61.365013
Tripoli,2023-01-08 16:00:00,Ozone (O₃) µg/m³,43.204063
Tripoli,2023-01-09 00:00:00,Ozone (O₃) µg/m³,54.178307
Tripoli,2023-01-09 08:00:00,Ozone (O₃) µg/m³,63.19803
Tripoli,2023-01-09 16:00:00,Ozone (O₃) µg/m³,61.517166
Tripoli,2023-01-10 00:00:00,Ozone (O₃) µg/m³,69.46323
Tripoli,2023-01-10 08:00:00,Ozone (O₃) µg/m³,68.98253
Tripoli,2023-01-10 16:00:00,Ozone (O₃) µg/m³,65.21068
Tripoli,2023-01-11 00:00:00,Ozone (O₃) µg/m³,51.622787
Tripoli,2023-01-11 08:00:00,Ozone (O₃) µg/m³,62.53521
Tripoli,2023-01-11 16:00:00,Ozone (O₃) µg/m³,42.90803
Tripoli,2023-01-12 00:00:00,Ozone (O₃) µg/m³,44.79679
Tripoli,2023-01-12 08:00:00,Ozone (O₃) µg/m³,61.109993
Tripoli,2023-01-12 16:00:00,Ozone (O₃) µg/m³,42.40435
Tripoli,2023-01-13 00:00:00,Ozone (O₃) µg/m³,41.215218
Tripoli,2023-01-13 08:00:00,Ozone (O₃) µg/m³,62.044495
Tripoli,2023-01-13 16:00:00,Ozone (O₃) µg/m³,45.104565
Tripoli,2023-01-14 00:00:00,Ozone (O₃) µg/m³,41.484528
Tripoli,2023-01-14 08:00:00,Ozone (O₃) µg/m³,64.2258
Tripoli,2023-01-14 16:00:00,Ozone (O₃) µg/m³,47.625774
Tripoli,2023-01-15 00:00:00,Ozone (O₃) µg/m³,49.528366
Tripoli,2023-01-15 08:00:00,Ozone (O₃) µg/m³,56.73575
Tripoli,2023-01-15 16:00:00,Ozone (O₃) µg/m³,42.2584
Tripoli,2023-01-16 00:00:00,Ozone (O₃) µg/m³,45.104286
Tripoli,2023-01-16 08:00:00,Ozone (O₃) µg/m³,64.01518
Tripoli,2023-01-16 16:00:00,Ozone (O₃) µg/m³,72.977715
Tripoli,2023-01-17 00:00:00,Ozone (O₃) µg/m³,70.13766
Tripoli,2023-01-17 08:00:00,Ozone (O₃) µg/m³,72.67352
Tripoli,2023-01-17 16:00:00,Ozone (O₃) µg/m³,75.78253
Tripoli,2023-01-18 00:00:00,Ozone (O₃) µg/m³,69.73846
Tripoli,2023-01-18 08:00:00,Ozone (O₃) µg/m³,70.36568
Tripoli,2023-01-18 16:00:00,Ozone (O₃) µg/m³,68.7477
Tripoli,2023-01-19 00:00:00,Ozone (O₃) µg/m³,62.29461
Tripoli,2023-01-19 08:00:00,Ozone (O₃) µg/m³,70.05751
Tripoli,2023-01-19 16:00:00,Ozone (O₃) µg/m³,65.91284
Tripoli,2023-01-20 00:00:00,Ozone (O₃) µg/m³,65.28506
Tripoli,2023-01-20 08:00:00,Ozone (O₃) µg/m³,64.4805
Tripoli,2023-01-20 16:00:00,Ozone (O₃) µg/m³,63.023205
Tripoli,2023-01-21 00:00:00,Ozone (O₃) µg/m³,66.977
Tripoli,2023-01-21 08:00:00,Ozone (O₃) µg/m³,69.68409
Tripoli,2023-01-21 16:00:00,Ozone (O₃) µg/m³,64.25218
Tripoli,2023-01-22 00:00:00,Ozone (O₃) µg/m³,52.474113
Tripoli,2023-01-22 08:00:00,Ozone (O₃) µg/m³,68.20098
Tripoli,2023-01-22 16:00:00,Ozone (O₃) µg/m³,62.36215
Tripoli,2023-01-23 00:00:00,Ozone (O₃) µg/m³,61.86666
Tripoli,2023-01-23 08:00:00,Ozone (O₃) µg/m³,70.80867
Tripoli,2023-01-23 16:00:00,Ozone (O₃) µg/m³,65.81203
Tripoli,2023-01-24 00:00:00,Ozone (O₃) µg/m³,64.47711
Tripoli,2023-01-24 08:00:00,Ozone (O₃) µg/m³,72.25844
Tripoli,2023-01-24 16:00:00,Ozone (O₃) µg/m³,57.11747
Tripoli,2023-01-25 00:00:00,Ozone (O₃) µg/m³,52.399246
Tripoli,2023-01-25 08:00:00,Ozone (O₃) µg/m³,46.87906
Tripoli,2023-01-25 16:00:00,Ozone (O₃) µg/m³,44.246384
Tripoli,2023-01-26 00:00:00,Ozone (O₃) µg/m³,43.633453
Tripoli,2023-01-26 08:00:00,Ozone (O₃) µg/m³,58.96793
Tripoli,2023-01-26 16:00:00,Ozone (O₃) µg/m³,52.410538
Tripoli,2023-01-27 00:00:00,Ozone (O₃) µg/m³,62.053757
Tripoli,2023-01-27 08:00:00,Ozone (O₃) µg/m³,68.65093
Tripoli,2023-01-27 16:00:00,Ozone (O₃) µg/m³,53.83149
Tripoli,2023-01-28 00:00:00,Ozone (O₃) µg/m³,54.649574
Tripoli,2023-01-28 08:00:00,Ozone (O₃) µg/m³,70.76436
Tripoli,2023-01-28 16:00:00,Ozone (O₃) µg/m³,57.949623
Tripoli,2023-01-29 00:00:00,Ozone (O₃) µg/m³,48.027992
Tripoli,2023-01-29 08:00:00,Ozone (O₃) µg/m³,58.331562
Tripoli,2023-01-29 16:00:00,Ozone (O₃) µg/m³,55.51603
Tripoli,2023-01-30 00:00:00,Ozone (O₃) µg/m³,50.780563
Tripoli,2023-01-30 08:00:00,Ozone (O₃) µg/m³,64.01392
Tripoli,2023-01-30 16:00:00,Ozone (O₃) µg/m³,61.54065
Tripoli,2023-01-31 00:00:00,Ozone (O₃) µg/m³,54.489395
Tripoli,2023-01-31 08:00:00,Ozone (O₃) µg/m³,61.334126
Tripoli,2023-01-31 16:00:00,Ozone (O₃) µg/m³,60.961323
Arta,2023-01-01 00:00:00,Ozone (O₃) µg/m³,36.47346
Arta,2023-01-01 08:00:00,Ozone (O₃) µg/m³,51.459137
Arta,2023-01-01 16:00:00,Ozone (O₃) µg/m³,38.743458
Arta,2023-01-02 00:00:00,Ozone (O₃) µg/m³,37.28003
Arta,2023-01-02 08:00:00,Ozone (O₃) µg/m³,54.51612
Arta,2023-01-02 16:00:00,Ozone (O₃) µg/m³,35.50212
Arta,2023-01-03 00:00:00,Ozone (O₃) µg/m³,35.971203
Arta,2023-01-03 08:00:00,Ozone (O₃) µg/m³,49.022865
Arta,2023-01-03 16:00:00,Ozone (O₃) µg/m³,41.080643
Arta,2023-01-04 00:00:00,Ozone (O₃) µg/m³,36.974754
Arta,2023-01-04 08:00:00,Ozone (O₃) µg/m³,55.35851
Arta,2023-01-04 16:00:00,Ozone (O₃) µg/m³,33.29678
Arta,2023-01-05 00:00:00,Ozone (O₃) µg/m³,31.722496
Arta,2023-01-05 08:00:00,Ozone (O₃) µg/m³,54.731277
Arta,2023-01-05 16:00:00,Ozone (O₃) µg/m³,41.881977
Arta,2023-01-06 00:00:00,Ozone (O₃) µg/m³,36.27915
Arta,2023-01-06 08:00:00,Ozone (O₃) µg/m³,53.815815
Arta,2023-01-06 16:00:00,Ozone (O₃) µg/m³,37.701866
Arta,2023-01-07 00:00:00,Ozone (O₃) µg/m³,37.156536
Arta,2023-01-07 08:00:00,Ozone (O₃) µg/m³,52.98203
Arta,2023-01-07 16:00:00,Ozone (O₃) µg/m³,42.928047
Arta,2023-01-08 00:00:00,Ozone (O₃) µg/m³,37.93029
Arta,2023-01-08 08:00:00,Ozone (O₃) µg/m³,62.14867
Arta,2023-01-08 16:00:00,Ozone (O₃) µg/m³,47.859177
Arta,2023-01-09 00:00:00,Ozone (O₃) µg/m³,43.71822
Arta,2023-01-09 08:00:00,Ozone (O₃) µg/m³,59.59033
Arta,2023-01-09 16:00:00,Ozone (O₃) µg/m³,59.25674
Arta,2023-01-10 00:00:00,Ozone (O₃) µg/m³,63.7548
Arta,2023-01-10 08:00:00,Ozone (O₃) µg/m³,62.040184
Arta,2023-01-10 16:00:00,Ozone (O₃) µg/m³,46.99785
Arta,2023-01-11 00:00:00,Ozone (O₃) µg/m³,37.311302
Arta,2023-01-11 08:00:00,Ozone (O₃) µg/m³,50.064865
Arta,2023-01-11 16:00:00,Ozone (O₃) µg/m³,36.12019
Arta,2023-01-12 00:00:00,Ozone (O₃) µg/m³,26.852161
Arta,2023-01-12 08:00:00,Ozone (O₃) µg/m³,45.89012
Arta,2023-01-12 16:00:00,Ozone (O₃) µg/m³,34.150887
Arta,2023-01-13 00:00:00,Ozone (O₃) µg/m³,31.20591
Arta,2023-01-13 08:00:00,Ozone (O₃) µg/m³,54.283676
Arta,2023-01-13 16:00:00,Ozone (O₃) µg/m³,36.150787
Arta,2023-01-14 00:00:00,Ozone (O₃) µg/m³,36.30295
Arta,2023-01-14 08:00:00,Ozone (O₃) µg/m³,57.23011
Arta,2023-01-14 16:00:00,Ozone (O₃) µg/m³,39.87101
Arta,2023-01-15 00:00:00,Ozone (O₃) µg/m³,37.38391
Arta,2023-01-15 08:00:00,Ozone (O₃) µg/m³,57.76183
Arta,2023-01-15 16:00:00,Ozone (O₃) µg/m³,43.55957
Arta,2023-01-16 00:00:00,Ozone (O₃) µg/m³,38.304043
Arta,2023-01-16 08:00:00,Ozone (O₃) µg/m³,61.817787
Arta,2023-01-16 16:00:00,Ozone (O₃) µg/m³,70.82036
Arta,2023-01-17 00:00:00,Ozone (O₃) µg/m³,67.623665
Arta,2023-01-17 08:00:00,Ozone (O₃) µg/m³,65.65221
Arta,2023-01-17 16:00:00,Ozone (O₃) µg/m³,66.19148
Arta,2023-01-18 00:00:00,Ozone (O₃) µg/m³,63.713615
Arta,2023-01-18 08:00:00,Ozone (O₃) µg/m³,68.69564
Arta,2023-01-18 16:00:00,Ozone (O₃) µg/m³,65.084305
Arta,2023-01-19 00:00:00,Ozone (O₃) µg/m³,62.57505
Arta,2023-01-19 08:00:00,Ozone (O₃) µg/m³,65.31065
Arta,2023-01-19 16:00:00,Ozone (O₃) µg/m³,61.978054
Arta,2023-01-20 00:00:00,Ozone (O₃) µg/m³,63.22793
Arta,2023-01-20 08:00:00,Ozone (O₃) µg/m³,63.221115
Arta,2023-01-20 16:00:00,Ozone (O₃) µg/m³,57.124817
Arta,2023-01-21 00:00:00,Ozone (O₃) µg/m³,67.160065
Arta,2023-01-21 08:00:00,Ozone (O₃) µg/m³,70.399475
Arta,2023-01-21 16:00:00,Ozone (O₃) µg/m³,58.118828
Arta,2023-01-22 00:00:00,Ozone (O₃) µg/m³,47.89837
Arta,2023-01-22 08:00:00,Ozone (O₃) µg/m³,70.24024
Arta,2023-01-22 16:00:00,Ozone (O₃) µg/m³,57.847027
Arta,2023-01-23 00:00:00,Ozone (O₃) µg/m³,61.04287
Arta,2023-01-23 08:00:00,Ozone (O₃) µg/m³,62.365074
Arta,2023-01-23 16:00:00,Ozone (O₃) µg/m³,58.141666
Arta,2023-01-24 00:00:00,Ozone (O₃) µg/m³,46.085724
Arta,2023-01-24 08:00:00,Ozone (O₃) µg/m³,64.748665
Arta,2023-01-24 16:00:00,Ozone (O₃) µg/m³,50.416
Arta,2023-01-25 00:00:00,Ozone (O₃) µg/m³,50.382698
Arta,2023-01-25 08:00:00,Ozone (O₃) µg/m³,48.877686
Arta,2023-01-25 16:00:00,Ozone (O₃) µg/m³,48.28881
Arta,2023-01-26 00:00:00,Ozone (O₃) µg/m³,54.728313
Arta,2023-01-26 08:00:00,Ozone (O₃) µg/m³,52.229645
Arta,2023-01-26 16:00:00,Ozone (O₃) µg/m³,45.77561
Arta,2023-01-27 00:00:00,Ozone (O₃) µg/m³,44.160175
Arta,2023-01-27 08:00:00,Ozone (O₃) µg/m³,60.624176
Arta,2023-01-27 16:00:00,Ozone (O₃) µg/m³,45.142067
Arta,2023-01-28 00:00:00,Ozone (O₃) µg/m³,44.36291
Arta,2023-01-28 08:00:00,Ozone (O₃) µg/m³,66.08699
Arta,2023-01-28 16:00:00,Ozone (O₃) µg/m³,52.30987
Arta,2023-01-29 00:00:00,Ozone (O₃) µg/m³,46.65934
Arta,2023-01-29 08:00:00,Ozone (O₃) µg/m³,64.891556
Arta,2023-01-29 16:00:00,Ozone (O₃) µg/m³,52.259277
Arta,2023-01-30 00:00:00,Ozone (O₃) µg/m³,42.49513
Arta,2023-01-30 08:00:00,Ozone (O₃) µg/m³,63.918537
Arta,2023-01-30 16:00:00,Ozone (O₃) µg/m³,48.59119
Arta,2023-01-31 00:00:00,Ozone (O₃) µg/m³,43.735634
Arta,2023-01-31 08:00:00,Ozone (O₃) µg/m³,66.16487
Arta,2023-01-31 16:00:00,Ozone (O₃) µg/m³,49.2187
Athens,2023-01-01 00:00:00,Ozone (O₃) µg/m³,12.896658
Athens,2023-01-01 08:00:00,Ozone (O₃) µg/m³,50.24962
Athens,2023-01-01 16:00:00,Ozone (O₃) µg/m³,13.391853
Athens,2023-01-02 00:00:00,Ozone (O₃) µg/m³,14.606833
Athens,2023-01-02 08:00:00,Ozone (O₃) µg/m³,41.8004
Athens,2023-01-02 16:00:00,Ozone (O₃) µg/m³,8.230398
Athens,2023-01-03 00:00:00,Ozone (O₃) µg/m³,7.3599677
Athens,2023-01-03 08:00:00,Ozone (O₃) µg/m³,32.695587
Athens,2023-01-03 16:00:00,Ozone (O₃) µg/m³,8.189003
Athens,2023-01-04 00:00:00,Ozone (O₃) µg/m³,7.114868
Athens,2023-01-04 08:00:00,Ozone (O₃) µg/m³,34.326622
Athens,2023-01-04 16:00:00,Ozone (O₃) µg/m³,7.5317373
Athens,2023-01-05 00:00:00,Ozone (O₃) µg/m³,17.292656
Athens,2023-01-05 08:00:00,Ozone (O₃) µg/m³,34.856537
Athens,2023-01-05 16:00:00,Ozone (O₃) µg/m³,9.902254
Athens,2023-01-06 00:00:00,Ozone (O₃) µg/m³,13.285149
Athens,2023-01-06 08:00:00,Ozone (O₃) µg/m³,40.19866
Athens,2023-01-06 16:00:00,Ozone (O₃) µg/m³,8.585378
Athens,2023-01-07 00:00:00,Ozone (O₃) µg/m³,16.356758
Athens,2023-01-07 08:00:00,Ozone (O₃) µg/m³,51.433456
Athens,2023-01-07 16:00:00,Ozone (O₃) µg/m³,12.99967
Athens,2023-01-08 00:00:00,Ozone (O₃) µg/m³,21.738535
Athens,2023-01-08 08:00:00,Ozone (O₃) µg/m³,49.27311
Athens,2023-01-08 16:00:00,Ozone (O₃) µg/m³,12.337577
Athens,2023-01-09 00:00:00,Ozone (O₃) µg/m³,12.246546
Athens,2023-01-09 08:00:00,Ozone (O₃) µg/m³,45.50251
Athens,2023-01-09 16:00:00,Ozone (O₃) µg/m³,35.512604
Athens,2023-01-10 00:00:00,Ozone (O₃) µg/m³,65.64654
Athens,2023-01-10 08:00:00,Ozone (O₃) µg/m³,62.898895
Athens,2023-01-10 16:00:00,Ozone (O₃) µg/m³,47.352493
Athens,2023-01-11 00:00:00,Ozone (O₃) µg/m³,22.784615
Athens,2023-01-11 08:00:00,Ozone (O₃) µg/m³,48.083435
Athens,2023-01-11 16:00:00,Ozone (O₃) µg/m³,13.483652
Athens,2023-01-12 00:00:00,Ozone (O₃) µg/m³,17.891808
Athens,2023-01-12 08:00:00,Ozone (O₃) µg/m³,38.654564
Athens,2023-01-12 16:00:00,Ozone (O₃) µg/m³,22.021555
Athens,2023-01-13 00:00:00,Ozone (O₃) µg/m³,34.86304
Athens,2023-01-13 08:00:00,Ozone (O₃) µg/m³,42.97782
Athens,2023-01-13 16:00:00,Ozone (O₃) µg/m³,15.3349285
Athens,2023-01-14 00:00:00,Ozone (O₃) µg/m³,17.193752
Athens,2023-01-14 08:00:00,Ozone (O₃) µg/m³,42.45882
Athens,2023-01-14 16:00:00,Ozone (O₃) µg/m³,11.747766
Athens,2023-01-15 00:00:00,Ozone (O₃) µg/m³,28.812956
Athens,2023-01-15 08:00:00,Ozone (O₃) µg/m³,48.429657
Athens,2023-01-15 16:00:00,Ozone (O₃) µg/m³,17.49646
Athens,2023-01-16 00:00:00,Ozone (O₃) µg/m³,17.0167
Athens,2023-01-16 08:00:00,Ozone (O₃) µg/m³,44.488525
Athens,2023-01-16 16:00:00,Ozone (O₃) µg/m³,52.18471
Athens,2023-01-17 00:00:00,Ozone (O₃) µg/m³,67.74678
Athens,2023-01-17 08:00:00,Ozone (O₃) µg/m³,73.80595
Athens,2023-01-17 16:00:00,Ozone (O₃) µg/m³,72.412674
Athens,2023-01-18 00:00:00,Ozone (O₃) µg/m³,72.478355
Athens,2023-01-18 08:00:00,Ozone (O₃) µg/m³,72.1835
Athens,2023-01-18 16:00:00,Ozone (O₃) µg/m³,69.653305
Athens,2023-01-19 00:00:00,Ozone (O₃) µg/m³,70.7838
Athens,2023-01-19 08:00:00,Ozone (O₃) µg/m³,76.22534
Athens,2023-01-19 16:00:00,Ozone (O₃) µg/m³,72.003555
Athens,2023-01-20 00:00:00,Ozone (O₃) µg/m³,74.60831
Athens,2023-01-20 08:00:00,Ozone (O₃) µg/m³,67.68723
Athens,2023-01-20 16:00:00,Ozone (O₃) µg/m³,32.079662
Athens,2023-01-21 00:00:00,Ozone (O₃) µg/m³,61.560913
Athens,2023-01-21 08:00:00,Ozone (O₃) µg/m³,76.142975
Athens,2023-01-21 16:00:00,Ozone (O₃) µg/m³,67.29268
Athens,2023-01-22 00:00:00,Ozone (O₃) µg/m³,39.192146
Athens,2023-01-22 08:00:00,Ozone (O₃) µg/m³,64.978546
Athens,2023-01-22 16:00:00,Ozone (O₃) µg/m³,54.63969
Athens,2023-01-23 00:00:00,Ozone (O₃) µg/m³,43.91116
Athens,2023-01-23 08:00:00,Ozone (O₃) µg/m³,69.73099
Athens,2023-01-23 16:00:00,Ozone (O₃) µg/m³,42.594936
Athens,2023-01-24 00:00:00,Ozone (O₃) µg/m³,38.01042
Athens,2023-01-24 08:00:00,Ozone (O₃) µg/m³,59.07621
Athens,2023-01-24 16:00:00,Ozone (O₃) µg/m³,42.358986
Athens,2023-01-25 00:00:00,Ozone (O₃) µg/m³,54.20408
Athens,2023-01-25 08:00:00,Ozone (O₃) µg/m³,48.032837
Athens,2023-01-25 16:00:00,Ozone (O₃) µg/m³,41.676437
Athens,2023-01-26 00:00:00,Ozone (O₃) µg/m³,47.393776
Athens,2023-01-26 08:00:00,Ozone (O₃) µg/m³,49.279064
Athens,2023-01-26 16:00:00,Ozone (O₃) µg/m³,21.495531
Athens,2023-01-27 00:00:00,Ozone (O₃) µg/m³,27.550083
Athens,2023-01-27 08:00:00,Ozone (O₃) µg/m³,53.200935
Athens,2023-01-27 16:00:00,Ozone (O₃) µg/m³,16.060902
Athens,2023-01-28 00:00:00,Ozone (O₃) µg/m³,28.932491
Athens,2023-01-28 08:00:00,Ozone (O₃) µg/m³,54.855225
Athens,2023-01-28 16:00:00,Ozone (O₃) µg/m³,26.459631
Athens,2023-01-29 00:00:00,Ozone (O₃) µg/m³,34.511383
Athens,2023-01-29 08:00:00,Ozone (O₃) µg/m³,53.93038
Athens,2023-01-29 16:00:00,Ozone (O₃) µg/m³,40.937447
Athens,2023-01-30 00:00:00,Ozone (O₃) µg/m³,41.183247
Athens,2023-01-30 08:00:00,Ozone (O₃) µg/m³,50.39721
Athens,2023-01-30 16:00:00,Ozone (O₃) µg/m³,16.041267
Athens,2023-01-31 00:00:00,Ozone (O₃) µg/m³,15.633626
Athens,2023-01-31 08:00:00,Ozone (O₃) µg/m³,54.161697
Athens,2023-01-31 16:00:00,Ozone (O₃) µg/m³,50.64595
Patras,2023-01-01 00:00:00,Ozone (O₃) µg/m³,50.413185
Patras,2023-01-01 08:00:00,Ozone (O₃) µg/m³,59.51399
Patras,2023-01-01 16:00:00,Ozone (O₃) µg/m³,51.740753
Patras,2023-01-02 00:00:00,Ozone (O₃) µg/m³,51.614464
Patras,2023-01-02 08:00:00,Ozone (O₃) µg/m³,59.092934
Patras,2023-01-02 16:00:00,Ozone (O₃) µg/m³,36.644447
Patras,2023-01-03 00:00:00,Ozone (O₃) µg/m³,44.849937
Patras,2023-01-03 08:00:00,Ozone (O₃) µg/m³,55.900772
Patras,2023-01-03 16:00:00,Ozone (O₃) µg/m³,50.576054
Patras,2023-01-04 00:00:00,Ozone (O₃) µg/m³,48.495163
Patras,2023-01-04 08:00:00,Ozone (O₃) µg/m³,54.975124
Patras,2023-01-04 16:00:00,Ozone (O₃) µg/m³,33.224617
Patras,2023-01-05 00:00:00,Ozone (O₃) µg/m³,32.136337
Patras,2023-01-05 08:00:00,Ozone (O₃) µg/m³,51.863266
Patras,2023-01-05 16:00:00,Ozone (O₃) µg/m³,45.666122
Patras,2023-01-06 00:00:00,Ozone (O₃) µg/m³,50.693336
Patras,2023-01-06 08:00:00,Ozone (O₃) µg/m³,59.319492
Patras,2023-01-06 16:00:00,Ozone (O₃) µg/m³,38.310432
Patras,2023-01-07 00:00:00,Ozone (O₃) µg/m³,45.31123
Patras,2023-01-07 08:00:00,Ozone (O₃) µg/m³,59.927635
Patras,2023-01-07 16:00:00,Ozone (O₃) µg/m³,44.755314
Patras,2023-01-08 00:00:00,Ozone (O₃) µg/m³,49.42131
Patras,2023-01-08 08:00:00,Ozone (O₃) µg/m³,65.14968
Patras,2023-01-08 16:00:00,Ozone (O₃) µg/m³,44.148846
Patras,2023-01-09 00:00:00,Ozone (O₃) µg/m³,47.897514
Patras,2023-01-09 08:00:00,Ozone (O₃) µg/m³,59.93463
Patras,2023-01-09 16:00:00,Ozone (O₃) µg/m³,65.24894
Patras,2023-01-10 00:00:00,Ozone (O₃) µg/m³,71.07384
Patras,2023-01-10 08:00:00,Ozone (O₃) µg/m³,69.72249
Patras,2023-01-10 16:00:00,Ozone (O₃) µg/m³,60.19207
Patras,2023-01-11 00:00:00,Ozone (O₃) µg/m³,49.219475
Patras,2023-01-11 08:00:00,Ozone (O₃) µg/m³,59.780827
Patras,2023-01-11 16:00:00,Ozone (O₃) µg/m³,42.757828
Patras,2023-01-12 00:00:00,Ozone (O₃) µg/m³,38.949272
Patras,2023-01-12 08:00:00,Ozone (O₃) µg/m³,53.26117
Patras,2023-01-12 16:00:00,Ozone (O₃) µg/m³,35.10975
Patras,2023-01-13 00:00:00,Ozone (O₃) µg/m³,39.55568
Patras,2023-01-13 08:00:00,Ozone (O₃) µg/m³,53.994537
Patras,2023-01-13 16:00:00,Ozone (O₃) µg/m³,35.91916
Patras,2023-01-14 00:00:00,Ozone (O₃) µg/m³,46.74752
Patras,2023-01-14 08:00:00,Ozone (O₃) µg/m³,62.799885
Patras,2023-01-14 16:00:00,Ozone (O₃) µg/m³,45.85326
Patras,2023-01-15 00:00:00,Ozone (O₃) µg/m³,45.246857
Patras,2023-01-15 08:00:00,Ozone (O₃) µg/m³,59.218678
Patras,2023-01-15 16:00:00,Ozone (O₃) µg/m³,45.459774
Patras,2023-01-16 00:00:00,Ozone (O₃) µg/m³,36.739952
Patras,2023-01-16 08:00:00,Ozone (O₃) µg/m³,66.882706
Patras,2023-01-16 16:00:00,Ozone (O₃) µg/m³,76.68392
Patras,2023-01-17 00:00:00,Ozone (O₃) µg/m³,75.1113
Patras,2023-01-17 08:00:00,Ozone (O₃) µg/m³,76.16173
Patras,2023-01-17 16:00:00,Ozone (O₃) µg/m³,77.82328
Patras,2023-01-18 00:00:00,Ozone (O₃) µg/m³,73.699295
Patras,2023-01-18 08:00:00,Ozone (O₃) µg/m³,73.78454
Patras,2023-01-18 16:00:00,Ozone (O₃) µg/m³,69.443985
Patras,2023-01-19 00:00:00,Ozone (O₃) µg/m³,61.139748
Patras,2023-01-19 08:00:00,Ozone (O₃) µg/m³,67.801926
Patras,2023-01-19 16:00:00,Ozone (O₃) µg/m³,63.930614
Patras,2023-01-20 00:00:00,Ozone (O₃) µg/m³,65.99344
Patras,2023-01-20 08:00:00,Ozone (O₃) µg/m³,65.41092
Patras,2023-01-20 16:00:00,Ozone (O₃) µg/m³,63.67964
Patras,2023-01-21 00:00:00,Ozone (O₃) µg/m³,64.155304
Patras,2023-01-21 08:00:00,Ozone (O₃) µg/m³,71.346924
Patras,2023-01-21 16:00:00,Ozone (O₃) µg/m³,66.331345
Patras,2023-01-22 00:00:00,Ozone (O₃) µg/m³,49.59527
Patras,2023-01-22 08:00:00,Ozone (O₃) µg/m³,65.33792
Patras,2023-01-22 16:00:00,Ozone (O₃) µg/m³,57.907528
Patras,2023-01-23 00:00:00,Ozone (O₃) µg/m³,55.80803
Patras,2023-01-23 08:00:00,Ozone (O₃) µg/m³,63.10498
Patras,2023-01-23 16:00:00,Ozone (O₃) µg/m³,51.09326
Patras,2023-01-24 00:00:00,Ozone (O₃) µg/m³,45.885277
Patras,2023-01-24 08:00:00,Ozone (O₃) µg/m³,65.23186
Patras,2023-01-24 16:00:00,Ozone (O₃) µg/m³,61.27349
Patras,2023-01-25 00:00:00,Ozone (O₃) µg/m³,59.972923
Patras,2023-01-25 08:00:00,Ozone (O₃) µg/m³,57.093765
Patras,2023-01-25 16:00:00,Ozone (O₃) µg/m³,52.525185
Patras,2023-01-26 00:00:00,Ozone (O₃) µg/m³,51.820175
Patras,2023-01-26 08:00:00,Ozone (O₃) µg/m³,51.256943
Patras,2023-01-26 16:00:00,Ozone (O₃) µg/m³,48.71608
Patras,2023-01-27 00:00:00,Ozone (O₃) µg/m³,43.859123
Patras,2023-01-27 08:00:00,Ozone (O₃) µg/m³,64.52786
Patras,2023-01-27 16:00:00,Ozone (O₃) µg/m³,49.790333
Patras,2023-01-28 00:00:00,Ozone (O₃) µg/m³,45.58766
Patras,2023-01-28 08:00:00,Ozone (O₃) µg/m³,65.566574
Patras,2023-01-28 16:00:00,Ozone (O₃) µg/m³,54.460888
Patras,2023-01-29 00:00:00,Ozone (O₃) µg/m³,54.60331
Patras,2023-01-29 08:00:00,Ozone (O₃) µg/m³,59.645603
Patras,2023-01-29 16:00:00,Ozone (O₃) µg/m³,57.81099
Patras,2023-01-30 00:00:00,Ozone (O₃) µg/m³,54.114365
Patras,2023-01-30 08:00:00,Ozone (O₃) µg/m³,66.25924
Patras,2023-01-30 16:00:00,Ozone (O₃) µg/m³,58.72283
Patras,2023-01-31 00:00:00,Ozone (O₃) µg/m³,54.58667
Patras,2023-01-31 08:00:00,Ozone (O₃) µg/m³,63.102783
Patras,2023-01-31 16:00:00,Ozone (O₃) µg/m³,56.277893
Livadia,2023-01-01 00:00:00,Ozone (O₃) µg/m³,41.269264
Livadia,2023-01-01 08:00:00,Ozone (O₃) µg/m³,59.79766
Livadia,2023-01-01 16:00:00,Ozone (O₃) µg/m³,42.720135
Livadia,2023-01-02 00:00:00,Ozone (O₃) µg/m³,41.489464
Livadia,2023-01-02 08:00:00,Ozone (O₃) µg/m³,60.30275
Livadia,2023-01-02 16:00:00,Ozone (O₃) µg/m³,47.748505
Livadia,2023-01-03 00:00:00,Ozone (O₃) µg/m³,47.154877
Livadia,2023-01-03 08:00:00,Ozone (O₃) µg/m³,61.4518
Livadia,2023-01-03 16:00:00,Ozone (O₃) µg/m³,47.45721
Livadia,2023-01-04 00:00:00,Ozone (O₃) µg/m³,42.613213
Livadia,2023-01-04 08:00:00,Ozone (O₃) µg/m³,57.11882
Livadia,2023-01-04 16:00:00,Ozone (O₃) µg/m³,31.026962
Livadia,2023-01-05 00:00:00,Ozone (O₃) µg/m³,30.980434
Livadia,2023-01-05 08:00:00,Ozone (O₃) µg/m³,53.40988
Livadia,2023-01-05 16:00:00,Ozone (O₃) µg/m³,37.715233
Livadia,2023-01-06 00:00:00,Ozone (O₃) µg/m³,41.181885
Livadia,2023-01-06 08:00:00,Ozone (O₃) µg/m³,54.63503
Livadia,2023-01-06 16:00:00,Ozone (O₃) µg/m³,35.546753
Livadia,2023-01-07 00:00:00,Ozone (O₃) µg/m³,37.327106
Livadia,2023-01-07 08:00:00,Ozone (O₃) µg/m³,57.903503
Livadia,2023-01-07 16:00:00,Ozone (O₃) µg/m³,41.576954
Livadia,2023-01-08 00:00:00,Ozone (O₃) µg/m³,42.853813
Livadia,2023-01-08 08:00:00,Ozone (O₃) µg/m³,58.176765
Livadia,2023-01-08 16:00:00,Ozone (O₃) µg/m³,37.289474
Livadia,2023-01-09 00:00:00,Ozone (O₃) µg/m³,35.40046
Livadia,2023-01-09 08:00:00,Ozone (O₃) µg/m³,59.482475
Livadia,2023-01-09 16:00:00,Ozone (O₃) µg/m³,56.930065
Livadia,2023-01-10 00:00:00,Ozone (O₃) µg/m³,66.12846
Livadia,2023-01-10 08:00:00,Ozone (O₃) µg/m³,69.68465
Livadia,2023-01-10 16:00:00,Ozone (O₃) µg/m³,60.330013
Livadia,2023-01-11 00:00:00,Ozone (O₃) µg/m³,40.155685
Livadia,2023-01-11 08:00:00,Ozone (O₃) µg/m³,57.780663
Livadia,2023-01-11 16:00:00,Ozone (O₃) µg/m³,37.14334
Livadia,2023-01-12 00:00:00,Ozone (O₃) µg/m³,32.483616
Livadia,2023-01-12 08:00:00,Ozone (O₃) µg/m³,54.11995
Livadia,2023-01-12 16:00:00,Ozone (O₃) µg/m³,33.45025
Livadia,2023-01-13 00:00:00,Ozone (O₃) µg/m³,33.304104
Livadia,2023-01-13 08:00:00,Ozone (O₃) µg/m³,59.604652
Livadia,2023-01-13 16:00:00,Ozone (O₃) µg/m³,41.009373
Livadia,2023-01-14 00:00:00,Ozone (O₃) µg/m³,38.427086
Livadia,2023-01-14 08:00:00,Ozone (O₃) µg/m³,55.25034
Livadia,2023-01-14 16:00:00,Ozone (O₃) µg/m³,37.134315
Livadia,2023-01-15 00:00:00,Ozone (O₃) µg/m³,31.1964
Livadia,2023-01-15 08:00:00,Ozone (O₃) µg/m³,47.290817
Livadia,2023-01-15 16:00:00,Ozone (O₃) µg/m³,39.70832
Livadia,2023-01-16 00:00:00,Ozone (O₃) µg/m³,35.002544
Livadia,2023-01-16 08:00:00,Ozone (O₃) µg/m³,59.68328
Livadia,2023-01-16 16:00:00,Ozone (O₃) µg/m³,65.73447
Livadia,2023-01-17 00:00:00,Ozone (O₃) µg/m³,67.91839
Livadia,2023-01-17 08:00:00,Ozone (O₃) µg/m³,70.32778
Livadia,2023-01-17 16:00:00,Ozone (O₃) µg/m³,68.06219
Livadia,2023-01-18 00:00:00,Ozone (O₃) µg/m³,70.0289
Livadia,2023-01-18 08:00:00,Ozone (O₃) µg/m³,71.813965
Livadia,2023-01-18 16:00:00,Ozone (O₃) µg/m³,70.66689
Livadia,2023-01-19 00:00:00,Ozone (O₃) µg/m³,62.282566
Livadia,2023-01-19 08:00:00,Ozone (O₃) µg/m³,72.86064
Livadia,2023-01-19 16:00:00,Ozone (O₃) µg/m³,68.097565
Livadia,2023-01-20 00:00:00,Ozone (O₃) µg/m³,68.61766
Livadia,2023-01-20 08:00:00,Ozone (O₃) µg/m³,66.69803
Livadia,2023-01-20 16:00:00,Ozone (O₃) µg/m³,63.076393
Livadia,2023-01-21 00:00:00,Ozone (O₃) µg/m³,60.33322
Livadia,2023-01-21 08:00:00,Ozone (O₃) µg/m³,71.84265
Livadia,2023-01-21 16:00:00,Ozone (O₃) µg/m³,63.338104
Livadia,2023-01-22 00:00:00,Ozone (O₃) µg/m³,50.87191
Livadia,2023-01-22 08:00:00,Ozone (O₃) µg/m³,70.06375
Livadia,2023-01-22 16:00:00,Ozone (O₃) µg/m³,59.5552
Livadia,2023-01-23 00:00:00,Ozone (O₃) µg/m³,53.625977
Livadia,2023-01-23 08:00:00,Ozone (O₃) µg/m³,70.61887
Livadia,2023-01-23 16:00:00,Ozone (O₃) µg/m³,66.214966
Livadia,2023-01-24 00:00:00,Ozone (O₃) µg/m³,54.08615
Livadia,2023-01-24 08:00:00,Ozone (O₃) µg/m³,66.84583
Livadia,2023-01-24 16:00:00,Ozone (O₃) µg/m³,60.029404
Livadia,2023-01-25 00:00:00,Ozone (O₃) µg/m³,51.95651
Livadia,2023-01-25 08:00:00,Ozone (O₃) µg/m³,52.146336
Livadia,2023-01-25 16:00:00,Ozone (O₃) µg/m³,42.137665
Livadia,2023-01-26 00:00:00,Ozone (O₃) µg/m³,37.230347
Livadia,2023-01-26 08:00:00,Ozone (O₃) µg/m³,47.315964
Livadia,2023-01-26 16:00:00,Ozone (O₃) µg/m³,34.009235
Livadia,2023-01-27 00:00:00,Ozone (O₃) µg/m³,31.24619
Livadia,2023-01-27 08:00:00,Ozone (O₃) µg/m³,49.453495
Livadia,2023-01-27 16:00:00,Ozone (O₃) µg/m³,39.27977
Livadia,2023-01-28 00:00:00,Ozone (O₃) µg/m³,39.737053
Livadia,2023-01-28 08:00:00,Ozone (O₃) µg/m³,56.43309
Livadia,2023-01-28 16:00:00,Ozone (O₃) µg/m³,48.218704
Livadia,2023-01-29 00:00:00,Ozone (O₃) µg/m³,41.705524
Livadia,2023-01-29 08:00:00,Ozone (O₃) µg/m³,58.614624
Livadia,2023-01-29 16:00:00,Ozone (O₃) µg/m³,50.969845
Livadia,2023-01-30 00:00:00,Ozone (O₃) µg/m³,44.155678
Livadia,2023-01-30 08:00:00,Ozone (O₃) µg/m³,56.222458
Livadia,2023-01-30 16:00:00,Ozone (O₃) µg/m³,51.599365
Livadia,2023-01-31 00:00:00,Ozone (O₃) µg/m³,42.1696
Livadia,2023-01-31 08:00:00,Ozone (O₃) µg/m³,64.18051
Livadia,2023-01-31 16:00:00,Ozone (O₃) µg/m³,55.880787
Grevena,2023-01-01 00:00:00,Ozone (O₃) µg/m³,33.684345
Grevena,2023-01-01 08:00:00,Ozone (O₃) µg/m³,54.706573
Grevena,2023-01-01 16:00:00,Ozone (O₃) µg/m³,38.32848
Grevena,2023-01-02 00:00:00,Ozone (O₃) µg/m³,32.39228
Grevena,2023-01-02 08:00:00,Ozone (O₃) µg/m³,48.10656
Grevena,2023-01-02 16:00:00,Ozone (O₃) µg/m³,40.073975
Grevena,2023-01-03 00:00:00,Ozone (O₃) µg/m³,42.129852
Grevena,2023-01-03 08:00:00,Ozone (O₃) µg/m³,47.129784
Grevena,2023-01-03 16:00:00,Ozone (O₃) µg/m³,38.49964
Grevena,2023-01-04 00:00:00,Ozone (O₃) µg/m³,40.882812
Grevena,2023-01-04 08:00:00,Ozone (O₃) µg/m³,48.554306
Grevena,2023-01-04 16:00:00,Ozone (O₃) µg/m³,31.669771
Grevena,2023-01-05 00:00:00,Ozone (O₃) µg/m³,25.615112
Grevena,2023-01-05 08:00:00,Ozone (O₃) µg/m³,40.5391
Grevena,2023-01-05 16:00:00,Ozone (O₃) µg/m³,45.291695
Grevena,2023-01-06 00:00:00,Ozone (O₃) µg/m³,45.549545
Grevena,2023-01-06 08:00:00,Ozone (O₃) µg/m³,54.067276
Grevena,2023-01-06 16:00:00,Ozone (O₃) µg/m³,39.17154
Grevena,2023-01-07 00:00:00,Ozone (O₃) µg/m³,34.113487
Grevena,2023-01-07 08:00:00,Ozone (O₃) µg/m³,54.18169
Grevena,2023-01-07 16:00:00,Ozone (O₃) µg/m³,40.443523
Grevena,2023-01-08 00:00:00,Ozone (O₃) µg/m³,38.31212
Grevena,2023-01-08 08:00:00,Ozone (O₃) µg/m³,54.433716
Grevena,2023-01-08 16:00:00,Ozone (O₃) µg/m³,46.013054
Grevena,2023-01-09 00:00:00,Ozone (O₃) µg/m³,47.792953
Grevena,2023-01-09 08:00:00,Ozone (O₃) µg/m³,54.993073
Grevena,2023-01-09 16:00:00,Ozone (O₃) µg/m³,51.71582
Grevena,2023-01-10 00:00:00,Ozone (O₃) µg/m³,54.204144
Grevena,2023-01-10 08:00:00,Ozone (O₃) µg/m³,58.524414
Grevena,2023-01-10 16:00:00,Ozone (O₃) µg/m³,43.33377
Grevena,2023-01-11 00:00:00,Ozone (O₃) µg/m³,43.941456
Grevena,2023-01-11 08:00:00,Ozone (O₃) µg/m³,44.8273
Grevena,2023-01-11 16:00:00,Ozone (O₃) µg/m³,31.658508
Grevena,2023-01-12 00:00:00,Ozone (O₃) µg/m³,23.326006
Grevena,2023-01-12 08:00:00,Ozone (O₃) µg/m³,46.98309
Grevena,2023-01-12 16:00:00,Ozone (O₃) µg/m³,33.696434
Grevena,2023-01-13 00:00:00,Ozone (O₃) µg/m³,34.33865
Grevena,2023-01-13 08:00:00,Ozone (O₃) µg/m³,52.165043
Grevena,2023-01-13 16:00:00,Ozone (O₃) µg/m³,39.502613
Grevena,2023-01-14 00:00:00,Ozone (O₃) µg/m³,30.929617
Grevena,2023-01-14 08:00:00,Ozone (O₃) µg/m³,48.82321
Grevena,2023-01-14 16:00:00,Ozone (O₃) µg/m³,35.350037
Grevena,2023-01-15 00:00:00,Ozone (O₃) µg/m³,33.889404
Grevena,2023-01-15 08:00:00,Ozone (O₃) µg/m³,57.144905
Grevena,2023-01-15 16:00:00,Ozone (O₃) µg/m³,43.732315
Grevena,2023-01-16 00:00:00,Ozone (O₃) µg/m³,41.174866
Grevena,2023-01-16 08:00:00,Ozone (O₃) µg/m³,57.064472
Grevena,2023-01-16 16:00:00,Ozone (O₃) µg/m³,57.915092
Grevena,2023-01-17 00:00:00,Ozone (O₃) µg/m³,59.285664
Grevena,2023-01-17 08:00:00,Ozone (O₃) µg/m³,63.595703
Grevena,2023-01-17 16:00:00,Ozone (O₃) µg/m³,64.52975
Grevena,2023-01-18 00:00:00,Ozone (O₃) µg/m³,64.042885
Grevena,2023-01-18 08:00:00,Ozone (O₃) µg/m³,68.553856
Grevena,2023-01-18 16:00:00,Ozone (O₃) µg/m³,63.6862
Grevena,2023-01-19 00:00:00,Ozone (O₃) µg/m³,62.109737
Grevena,2023-01-19 08:00:00,Ozone (O₃) µg/m³,67.10072
Grevena,2023-01-19 16:00:00,Ozone (O₃) µg/m³,57.400017
Grevena,2023-01-20 00:00:00,Ozone (O₃) µg/m³,58.82766
Grevena,2023-01-20 08:00:00,Ozone (O₃) µg/m³,62.074158
Grevena,2023-01-20 16:00:00,Ozone (O₃) µg/m³,55.14071
Grevena,2023-01-21 00:00:00,Ozone (O₃) µg/m³,60.30681
Grevena,2023-01-21 08:00:00,Ozone (O₃) µg/m³,61.557854
Grevena,2023-01-21 16:00:00,Ozone (O₃) µg/m³,55.443886
Grevena,2023-01-22 00:00:00,Ozone (O₃) µg/m³,40.620567
Grevena,2023-01-22 08:00:00,Ozone (O₃) µg/m³,66.85954
Grevena,2023-01-22 16:00:00,Ozone (O₃) µg/m³,56.508595
Grevena,2023-01-23 00:00:00,Ozone (O₃) µg/m³,53.466938
Grevena,2023-01-23 08:00:00,Ozone (O₃) µg/m³,57.98173
Grevena,2023-01-23 16:00:00,Ozone (O₃) µg/m³,55.556423
Grevena,2023-01-24 00:00:00,Ozone (O₃) µg/m³,44.82352
Grevena,2023-01-24 08:00:00,Ozone (O₃) µg/m³,61.72608
Grevena,2023-01-24 16:00:00,Ozone (O₃) µg/m³,50.534935
Grevena,2023-01-25 00:00:00,Ozone (O₃) µg/m³,41.061718
Grevena,2023-01-25 08:00:00,Ozone (O₃) µg/m³,44.98953
Grevena,2023-01-25 16:00:00,Ozone (O₃) µg/m³,46.804626
Grevena,2023-01-26 00:00:00,Ozone (O₃) µg/m³,43.51393
Grevena,2023-01-26 08:00:00,Ozone (O₃) µg/m³,41.892555
Grevena,2023-01-26 16:00:00,Ozone (O₃) µg/m³,36.999397
Grevena,2023-01-27 00:00:00,Ozone (O₃) µg/m³,38.246704
Grevena,2023-01-27 08:00:00,Ozone (O₃) µg/m³,44.63512
Grevena,2023-01-27 16:00:00,Ozone (O₃) µg/m³,43.52767
Grevena,2023-01-28 00:00:00,Ozone (O₃) µg/m³,40.41243
Grevena,2023-01-28 08:00:00,Ozone (O₃) µg/m³,57.059685
Grevena,2023-01-28 16:00:00,Ozone (O₃) µg/m³,43.579926
Grevena,2023-01-29 00:00:00,Ozone (O₃) µg/m³,37.83864
Grevena,2023-01-29 08:00:00,Ozone (O₃) µg/m³,58.41217
Grevena,2023-01-29 16:00:00,Ozone (O₃) µg/m³,47.542
Grevena,2023-01-30 00:00:00,Ozone (O₃) µg/m³,43.202675
Grevena,2023-01-30 08:00:00,Ozone (O₃) µg/m³,59.75108
Grevena,2023-01-30 16:00:00,Ozone (O₃) µg/m³,56.871338
Grevena,2023-01-31 00:00:00,Ozone (O₃) µg/m³,53.44997
Grevena,2023-01-31 08:00:00,Ozone (O₃) µg/m³,64.9698
Grevena,2023-01-31 16:00:00,Ozone (O₃) µg/m³,55.4737
Drama,2023-01-01 00:00:00,Ozone (O₃) µg/m³,34.921078
Drama,2023-01-01 08:00:00,Ozone (O₃) µg/m³,42.642456
Drama,2023-01-01 16:00:00,Ozone (O₃) µg/m³,33.90893
Drama,2023-01-02 00:00:00,Ozone (O₃) µg/m³,41.224854
Drama,2023-01-02 08:00:00,Ozone (O₃) µg/m³,43.73461
Drama,2023-01-02 16:00:00,Ozone (O₃) µg/m³,31.38214
Drama,2023-01-03 00:00:00,Ozone (O₃) µg/m³,36.93274
Drama,2023-01-03 08:00:00,Ozone (O₃) µg/m³,41.87778
Drama,2023-01-03 16:00:00,Ozone (O₃) µg/m³,28.233715
Drama,2023-01-04 00:00:00,Ozone (O₃) µg/m³,39.55348
Drama,2023-01-04 08:00:00,Ozone (O₃) µg/m³,47.22766
Drama,2023-01-04 16:00:00,Ozone (O₃) µg/m³,36.902393
Drama,2023-01-05 00:00:00,Ozone (O₃) µg/m³,32.49158
Drama,2023-01-05 08:00:00,Ozone (O₃) µg/m³,35.856564
Drama,2023-01-05 16:00:00,Ozone (O₃) µg/m³,34.53137
Drama,2023-01-06 00:00:00,Ozone (O₃) µg/m³,42.64984
Drama,2023-01-06 08:00:00,Ozone (O₃) µg/m³,44.89334
Drama,2023-01-06 16:00:00,Ozone (O₃) µg/m³,40.02328
Drama,2023-01-07 00:00:00,Ozone (O₃) µg/m³,41.852577
Drama,2023-01-07 08:00:00,Ozone (O₃) µg/m³,51.901524
Drama,2023-01-07 16:00:00,Ozone (O₃) µg/m³,40.67105
Drama,2023-01-08 00:00:00,Ozone (O₃) µg/m³,51.07532
Drama,2023-01-08 08:00:00,Ozone (O₃) µg/m³,55.013096
Drama,2023-01-08 16:00:00,Ozone (O₃) µg/m³,40.64766
Drama,2023-01-09 00:00:00,Ozone (O₃) µg/m³,39.267715
Drama,2023-01-09 08:00:00,Ozone (O₃) µg/m³,43.999687
Drama,2023-01-09 16:00:00,Ozone (O₃) µg/m³,36.820183
Drama,2023-01-10 00:00:00,Ozone (O₃) µg/m³,48.842884
Drama,2023-01-10 08:00:00,Ozone (O₃) µg/m³,49.978264
Drama,2023-01-10 16:00:00,Ozone (O₃) µg/m³,33.39776
Drama,2023-01-11 00:00:00,Ozone (O₃) µg/m³,46.315643
Drama,2023-01-11 08:00:00,Ozone (O₃) µg/m³,44.43654
Drama,2023-01-11 16:00:00,Ozone (O₃) µg/m³,26.63936
Drama,2023-01-12 00:00:00,Ozone (O₃) µg/m³,30.582275
Drama,2023-01-12 08:00:00,Ozone (O₃) µg/m³,39.41082
Drama,2023-01-12 16:00:00,Ozone (O₃) µg/m³,30.284233
Drama,2023-01-13 00:00:00,Ozone (O₃) µg/m³,26.24327
Drama,2023-01-13 08:00:00,Ozone (O₃) µg/m³,39.752274
Drama,2023-01-13 16:00:00,Ozone (O₃) µg/m³,23.738125
Drama,2023-01-14 00:00:00,Ozone (O₃) µg/m³,25.7463
Drama,2023-01-14 08:00:00,Ozone (O₃) µg/m³,33.104046
Drama,2023-01-14 16:00:00,Ozone (O₃) µg/m³,27.43954
Drama,2023-01-15 00:00:00,Ozone (O₃) µg/m³,23.123962
Drama,2023-01-15 08:00:00,Ozone (O₃) µg/m³,41.59605
Drama,2023-01-15 16:00:00,Ozone (O₃) µg/m³,34.547474
Drama,2023-01-16 00:00:00,Ozone (O₃) µg/m³,31.70305
Drama,2023-01-16 08:00:00,Ozone (O₃) µg/m³,42.815475
Drama,2023-01-16 16:00:00,Ozone (O₃) µg/m³,43.90222
Drama,2023-01-17 00:00:00,Ozone (O₃) µg/m³,50.32261
Drama,2023-01-17 08:00:00,Ozone (O₃) µg/m³,59.033455
Drama,2023-01-17 16:00:00,Ozone (O₃) µg/m³,53.89444
Drama,2023-01-18 00:00:00,Ozone (O₃) µg/m³,53.392143
Drama,2023-01-18 08:00:00,Ozone (O₃) µg/m³,63.33633
Drama,2023-01-18 16:00:00,Ozone (O₃) µg/m³,48.664383
Drama,2023-01-19 00:00:00,Ozone (O₃) µg/m³,50.233643
Drama,2023-01-19 08:00:00,Ozone (O₃) µg/m³,65.850494
Drama,2023-01-19 16:00:00,Ozone (O₃) µg/m³,66.033356
Drama,2023-01-20 00:00:00,Ozone (O₃) µg/m³,68.08824
Drama,2023-01-20 08:00:00,Ozone (O₃) µg/m³,64.32502
Drama,2023-01-20 16:00:00,Ozone (O₃) µg/m³,48.900707
Drama,2023-01-21 00:00:00,Ozone (O₃) µg/m³,46.887215
Drama,2023-01-21 08:00:00,Ozone (O₃) µg/m³,65.75936
Drama,2023-01-21 16:00:00,Ozone (O₃) µg/m³,63.75093
Drama,2023-01-22 00:00:00,Ozone (O₃) µg/m³,53.702343
Drama,2023-01-22 08:00:00,Ozone (O₃) µg/m³,66.859085
Drama,2023-01-22 16:00:00,Ozone (O₃) µg/m³,57.14831
Drama,2023-01-23 00:00:00,Ozone (O₃) µg/m³,59.565735
Drama,2023-01-23 08:00:00,Ozone (O₃) µg/m³,57.528564
Drama,2023-01-23 16:00:00,Ozone (O₃) µg/m³,46.46506
Drama,2023-01-24 00:00:00,Ozone (O₃) µg/m³,46.329594
Drama,2023-01-24 08:00:00,Ozone (O₃) µg/m³,54.546204
Drama,2023-01-24 16:00:00,Ozone (O₃) µg/m³,38.25872
Drama,2023-01-25 00:00:00,Ozone (O₃) µg/m³,31.800728
Drama,2023-01-25 08:00:00,Ozone (O₃) µg/m³,35.670605
Drama,2023-01-25 16:00:00,Ozone (O₃) µg/m³,30.3117
Drama,2023-01-26 00:00:00,Ozone (O₃) µg/m³,36.283234
Drama,2023-01-26 08:00:00,Ozone (O₃) µg/m³,55.9633
Drama,2023-01-26 16:00:00,Ozone (O₃) µg/m³,55.79152
Drama,2023-01-27 00:00:00,Ozone (O₃) µg/m³,46.14308
Drama,2023-01-27 08:00:00,Ozone (O₃) µg/m³,45.641647
Drama,2023-01-27 16:00:00,Ozone (O₃) µg/m³,36.547928
Drama,2023-01-28 00:00:00,Ozone (O₃) µg/m³,27.345013
Drama,2023-01-28 08:00:00,Ozone (O₃) µg/m³,39.664932
Drama,2023-01-28 16:00:00,Ozone (O₃) µg/m³,33.38583
Drama,2023-01-29 00:00:00,Ozone (O₃) µg/m³,34.35189
Drama,2023-01-29 08:00:00,Ozone (O₃) µg/m³,46.943913
Drama,2023-01-29 16:00:00,Ozone (O₃) µg/m³,34.356163
Drama,2023-01-30 00:00:00,Ozone (O₃) µg/m³,36.401855
Drama,2023-01-30 08:00:00,Ozone (O₃) µg/m³,45.953262
Drama,2023-01-30 16:00:00,Ozone (O₃) µg/m³,37.45541
Drama,2023-01-31 00:00:00,Ozone (O₃) µg/m³,38.82276
Drama,2023-01-31 08:00:00,Ozone (O₃) µg/m³,54.344673
Drama,2023-01-31 16:00:00,Ozone (O₃) µg/m³,47.621696
Rhodes,2023-01-01 00:00:00,Ozone (O₃) µg/m³,60.00076
Rhodes,2023-01-01 08:00:00,Ozone (O₃) µg/m³,81.291794
Rhodes,2023-01-01 16:00:00,Ozone (O₃) µg/m³,71.10423
Rhodes,2023-01-02 00:00:00,Ozone (O₃) µg/m³,64.79708
Rhodes,2023-01-02 08:00:00,Ozone (O₃) µg/m³,72.47568
Rhodes,2023-01-02 16:00:00,Ozone (O₃) µg/m³,75.74292
Rhodes,2023-01-03 00:00:00,Ozone (O₃) µg/m³,70.27724
Rhodes,2023-01-03 08:00:00,Ozone (O₃) µg/m³,74.83424
Rhodes,2023-01-03 16:00:00,Ozone (O₃) µg/m³,76.1467
Rhodes,2023-01-04 00:00:00,Ozone (O₃) µg/m³,73.31712
Rhodes,2023-01-04 08:00:00,Ozone (O₃) µg/m³,71.86127
Rhodes,2023-01-04 16:00:00,Ozone (O₃) µg/m³,66.57776
Rhodes,2023-01-05 00:00:00,Ozone (O₃) µg/m³,67.386475
Rhodes,2023-01-05 08:00:00,Ozone (O₃) µg/m³,77.96797
Rhodes,2023-01-05 16:00:00,Ozone (O₃) µg/m³,61.385105
Rhodes,2023-01-06 00:00:00,Ozone (O₃) µg/m³,56.977566
Rhodes,2023-01-06 08:00:00,Ozone (O₃) µg/m³,72.18097
Rhodes,2023-01-06 16:00:00,Ozone (O₃) µg/m³,70.99078
Rhodes,2023-01-07 00:00:00,Ozone (O₃) µg/m³,65.60113
Rhodes,2023-01-07 08:00:00,Ozone (O₃) µg/m³,73.19197
Rhodes,2023-01-07 16:00:00,Ozone (O₃) µg/m³,73.43982
Rhodes,2023-01-08 00:00:00,Ozone (O₃) µg/m³,75.835236
Rhodes,2023-01-08 08:00:00,Ozone (O₃) µg/m³,83.75
Rhodes,2023-01-08 16:00:00,Ozone (O₃) µg/m³,76.67495
Rhodes,2023-01-09 00:00:00,Ozone (O₃) µg/m³,66.67087
Rhodes,2023-01-09 08:00:00,Ozone (O₃) µg/m³,73.54788
Rhodes,2023-01-09 16:00:00,Ozone (O₃) µg/m³,71.38934
Rhodes,2023-01-10 00:00:00,Ozone (O₃) µg/m³,77.32565
Rhodes,2023-01-10 08:00:00,Ozone (O₃) µg/m³,88.94114
Rhodes,2023-01-10 16:00:00,Ozone (O₃) µg/m³,84.00188
Rhodes,2023-01-11 00:00:00,Ozone (O₃) µg/m³,81.41936
Rhodes,2023-01-11 08:00:00,Ozone (O₃) µg/m³,80.69846
Rhodes,2023-01-11 16:00:00,Ozone (O₃) µg/m³,76.10081
Rhodes,2023-01-12 00:00:00,Ozone (O₃) µg/m³,75.529495
Rhodes,2023-01-12 08:00:00,Ozone (O₃) µg/m³,72.80865
Rhodes,2023-01-12 16:00:00,Ozone (O₃) µg/m³,75.44594
Rhodes,2023-01-13 00:00:00,Ozone (O₃) µg/m³,74.056625
Rhodes,2023-01-13 08:00:00,Ozone (O₃) µg/m³,73.46474
Rhodes,2023-01-13 16:00:00,Ozone (O₃) µg/m³,77.248184
Rhodes,2023-01-14 00:00:00,Ozone (O₃) µg/m³,73.265205
Rhodes,2023-01-14 08:00:00,Ozone (O₃) µg/m³,76.12951
Rhodes,2023-01-14 16:00:00,Ozone (O₃) µg/m³,73.069565
Rhodes,2023-01-15 00:00:00,Ozone (O₃) µg/m³,64.732506
Rhodes,2023-01-15 08:00:00,Ozone (O₃) µg/m³,77.48552
Rhodes,2023-01-15 16:00:00,Ozone (O₃) µg/m³,76.8752
Rhodes,2023-01-16 00:00:00,Ozone (O₃) µg/m³,71.830536
Rhodes,2023-01-16 08:00:00,Ozone (O₃) µg/m³,79.22731
Rhodes,2023-01-16 16:00:00,Ozone (O₃) µg/m³,68.42124
Rhodes,2023-01-17 00:00:00,Ozone (O₃) µg/m³,71.39975
Rhodes,2023-01-17 08:00:00,Ozone (O₃) µg/m³,88.55067
Rhodes,2023-01-17 16:00:00,Ozone (O₃) µg/m³,89.00667
Rhodes,2023-01-18 00:00:00,Ozone (O₃) µg/m³,86.18416
Rhodes,2023-01-18 08:00:00,Ozone (O₃) µg/m³,91.11694
Rhodes,2023-01-18 16:00:00,Ozone (O₃) µg/m³,90.796814
Rhodes,2023-01-19 00:00:00,Ozone (O₃) µg/m³,86.9889
Rhodes,2023-01-19 08:00:00,Ozone (O₃) µg/m³,94.05211
Rhodes,2023-01-19 16:00:00,Ozone (O₃) µg/m³,96.15814
Rhodes,2023-01-20 00:00:00,Ozone (O₃) µg/m³,95.724464
Rhodes,2023-01-20 08:00:00,Ozone (O₃) µg/m³,95.05275
Rhodes,2023-01-20 16:00:00,Ozone (O₃) µg/m³,85.65758
Rhodes,2023-01-21 00:00:00,Ozone (O₃) µg/m³,82.65764
Rhodes,2023-01-21 08:00:00,Ozone (O₃) µg/m³,86.94739
Rhodes,2023-01-21 16:00:00,Ozone (O₃) µg/m³,86.734375
Rhodes,2023-01-22 00:00:00,Ozone (O₃) µg/m³,83.36104
Rhodes,2023-01-22 08:00:00,Ozone (O₃) µg/m³,87.47554
Rhodes,2023-01-22 16:00:00,Ozone (O₃) µg/m³,82.330536
Rhodes,2023-01-23 00:00:00,Ozone (O₃) µg/m³,74.93537
Rhodes,2023-01-23 08:00:00,Ozone (O₃) µg/m³,86.13318
Rhodes,2023-01-23 16:00:00,Ozone (O₃) µg/m³,81.308014
Rhodes,2023-01-24 00:00:00,Ozone (O₃) µg/m³,84.30483
Rhodes,2023-01-24 08:00:00,Ozone (O₃) µg/m³,90.59794
Rhodes,2023-01-24 16:00:00,Ozone (O₃) µg/m³,84.634544
Rhodes,2023-01-25 00:00:00,Ozone (O₃) µg/m³,68.36156
Rhodes,2023-01-25 08:00:00,Ozone (O₃) µg/m³,82.20094
Rhodes,2023-01-25 16:00:00,Ozone (O₃) µg/m³,75.719345
Rhodes,2023-01-26 00:00:00,Ozone (O₃) µg/m³,71.45509
Rhodes,2023-01-26 08:00:00,Ozone (O₃) µg/m³,89.45618
Rhodes,2023-01-26 16:00:00,Ozone (O₃) µg/m³,97.32358
Rhodes,2023-01-27 00:00:00,Ozone (O₃) µg/m³,101.92836
Rhodes,2023-01-27 08:00:00,Ozone (O₃) µg/m³,94.04051
Rhodes,2023-01-27 16:00:00,Ozone (O₃) µg/m³,79.319565
Rhodes,2023-01-28 00:00:00,Ozone (O₃) µg/m³,79.94389
Rhodes,2023-01-28 08:00:00,Ozone (O₃) µg/m³,80.95362
Rhodes,2023-01-28 16:00:00,Ozone (O₃) µg/m³,76.589806
Rhodes,2023-01-29 00:00:00,Ozone (O₃) µg/m³,70.42088
Rhodes,2023-01-29 08:00:00,Ozone (O₃) µg/m³,75.5374
Rhodes,2023-01-29 16:00:00,Ozone (O₃) µg/m³,71.787155
Rhodes,2023-01-30 00:00:00,Ozone (O₃) µg/m³,72.38414
Rhodes,2023-01-30 08:00:00,Ozone (O₃) µg/m³,75.99137
Rhodes,2023-01-30 16:00:00,Ozone (O₃) µg/m³,76.39822
Rhodes,2023-01-31 00:00:00,Ozone (O₃) µg/m³,81.01793
Rhodes,2023-01-31 08:00:00,Ozone (O₃) µg/m³,81.58021
Rhodes,2023-01-31 16:00:00,Ozone (O₃) µg/m³,80.142426
Alexandroupoli,2023-01-01 00:00:00,Ozone (O₃) µg/m³,31.002838
Alexandroupoli,2023-01-01 08:00:00,Ozone (O₃) µg/m³,36.42272
Alexandroupoli,2023-01-01 16:00:00,Ozone (O₃) µg/m³,40.167747
Alexandroupoli,2023-01-02 00:00:00,Ozone (O₃) µg/m³,45.75239
Alexandroupoli,2023-01-02 08:00:00,Ozone (O₃) µg/m³,37.136833
Alexandroupoli,2023-01-02 16:00:00,Ozone (O₃) µg/m³,29.2915
Alexandroupoli,2023-01-03 00:00:00,Ozone (O₃) µg/m³,37.62164
Alexandroupoli,2023-01-03 08:00:00,Ozone (O₃) µg/m³,46.14975
Alexandroupoli,2023-01-03 16:00:00,Ozone (O₃) µg/m³,42.13204
Alexandroupoli,2023-01-04 00:00:00,Ozone (O₃) µg/m³,33.477104
Alexandroupoli,2023-01-04 08:00:00,Ozone (O₃) µg/m³,35.942932
Alexandroupoli,2023-01-04 16:00:00,Ozone (O₃) µg/m³,32.12137
Alexandroupoli,2023-01-05 00:00:00,Ozone (O₃) µg/m³,28.139246
Alexandroupoli,2023-01-05 08:00:00,Ozone (O₃) µg/m³,31.473589
Alexandroupoli,2023-01-05 16:00:00,Ozone (O₃) µg/m³,38.846725
Alexandroupoli,2023-01-06 00:00:00,Ozone (O₃) µg/m³,37.250526
Alexandroupoli,2023-01-06 08:00:00,Ozone (O₃) µg/m³,45.406433
Alexandroupoli,2023-01-06 16:00:00,Ozone (O₃) µg/m³,35.081867
Alexandroupoli,2023-01-07 00:00:00,Ozone (O₃) µg/m³,40.291138
Alexandroupoli,2023-01-07 08:00:00,Ozone (O₃) µg/m³,44.61724
Alexandroupoli,2023-01-07 16:00:00,Ozone (O₃) µg/m³,35.379776
Alexandroupoli,2023-01-08 00:00:00,Ozone (O₃) µg/m³,41.591827
Alexandroupoli,2023-01-08 08:00:00,Ozone (O₃) µg/m³,41.59958
Alexandroupoli,2023-01-08 16:00:00,Ozone (O₃) µg/m³,31.898014
Alexandroupoli,2023-01-09 00:00:00,Ozone (O₃) µg/m³,30.399635
Alexandroupoli,2023-01-09 08:00:00,Ozone (O₃) µg/m³,31.006163
Alexandroupoli,2023-01-09 16:00:00,Ozone (O₃) µg/m³,35.50653
Alexandroupoli,2023-01-10 00:00:00,Ozone (O₃) µg/m³,76.070724
Alexandroupoli,2023-01-10 08:00:00,Ozone (O₃) µg/m³,74.92308
Alexandroupoli,2023-01-10 16:00:00,Ozone (O₃) µg/m³,70.892136
Alexandroupoli,2023-01-11 00:00:00,Ozone (O₃) µg/m³,64.270355
Alexandroupoli,2023-01-11 08:00:00,Ozone (O₃) µg/m³,51.219154
Alexandroupoli,2023-01-11 16:00:00,Ozone (O₃) µg/m³,41.15642
Alexandroupoli,2023-01-12 00:00:00,Ozone (O₃) µg/m³,34.188873
Alexandroupoli,2023-01-12 08:00:00,Ozone (O₃) µg/m³,34.64099
Alexandroupoli,2023-01-12 16:00:00,Ozone (O₃) µg/m³,35.593735
Alexandroupoli,2023-01-13 00:00:00,Ozone (O₃) µg/m³,38.40597
Alexandroupoli,2023-01-13 08:00:00,Ozone (O₃) µg/m³,42.442623
Alexandroupoli,2023-01-13 16:00:00,Ozone (O₃) µg/m³,36.35027
Alexandroupoli,2023-01-14 00:00:00,Ozone (O₃) µg/m³,44.603123
Alexandroupoli,2023-01-14 08:00:00,Ozone (O₃) µg/m³,42.05399
Alexandroupoli,2023-01-14 16:00:00,Ozone (O₃) µg/m³,36.931747
Alexandroupoli,2023-01-15 00:00:00,Ozone (O₃) µg/m³,45.71174
Alexandroupoli,2023-01-15 08:00:00,Ozone (O₃) µg/m³,48.78598
Alexandroupoli,2023-01-15 16:00:00,Ozone (O₃) µg/m³,49.827583
Alexandroupoli,2023-01-16 00:00:00,Ozone (O₃) µg/m³,40.566437
Alexandroupoli,2023-01-16 08:00:00,Ozone (O₃) µg/m³,49.122185
Alexandroupoli,2023-01-16 16:00:00,Ozone (O₃) µg/m³,70.29314
Alexandroupoli,2023-01-17 00:00:00,Ozone (O₃) µg/m³,77.46605
Alexandroupoli,2023-01-17 08:00:00,Ozone (O₃) µg/m³,73.674385
Alexandroupoli,2023-01-17 16:00:00,Ozone (O₃) µg/m³,79.42274
Alexandroupoli,2023-01-18 00:00:00,Ozone (O₃) µg/m³,77.501175
Alexandroupoli,2023-01-18 08:00:00,Ozone (O₃) µg/m³,76.56223
Alexandroupoli,2023-01-18 16:00:00,Ozone (O₃) µg/m³,80.80365
Alexandroupoli,2023-01-19 00:00:00,Ozone (O₃) µg/m³,78.42505
Alexandroupoli,2023-01-19 08:00:00,Ozone (O₃) µg/m³,80.205795
Alexandroupoli,2023-01-19 16:00:00,Ozone (O₃) µg/m³,85.74417
Alexandroupoli,2023-01-20 00:00:00,Ozone (O₃) µg/m³,86.96869
Alexandroupoli,2023-01-20 08:00:00,Ozone (O₃) µg/m³,80.040955
Alexandroupoli,2023-01-20 16:00:00,Ozone (O₃) µg/m³,68.34123
Alexandroupoli,2023-01-21 00:00:00,Ozone (O₃) µg/m³,66.17711
Alexandroupoli,2023-01-21 08:00:00,Ozone (O₃) µg/m³,73.82947
Alexandroupoli,2023-01-21 16:00:00,Ozone (O₃) µg/m³,77.389755
Alexandroupoli,2023-01-22 00:00:00,Ozone (O₃) µg/m³,72.17883
Alexandroupoli,2023-01-22 08:00:00,Ozone (O₃) µg/m³,70.03702
Alexandroupoli,2023-01-22 16:00:00,Ozone (O₃) µg/m³,60.672718
Alexandroupoli,2023-01-23 00:00:00,Ozone (O₃) µg/m³,51.3611
Alexandroupoli,2023-01-23 08:00:00,Ozone (O₃) µg/m³,57.630737
Alexandroupoli,2023-01-23 16:00:00,Ozone (O₃) µg/m³,61.424065
Alexandroupoli,2023-01-24 00:00:00,Ozone (O₃) µg/m³,52.425606
Alexandroupoli,2023-01-24 08:00:00,Ozone (O₃) µg/m³,43.65838
Alexandroupoli,2023-01-24 16:00:00,Ozone (O₃) µg/m³,40.23861
Alexandroupoli,2023-01-25 00:00:00,Ozone (O₃) µg/m³,42.88598
Alexandroupoli,2023-01-25 08:00:00,Ozone (O₃) µg/m³,51.74986
Alexandroupoli,2023-01-25 16:00:00,Ozone (O₃) µg/m³,46.77423
Alexandroupoli,2023-01-26 00:00:00,Ozone (O₃) µg/m³,46.883232
Alexandroupoli,2023-01-26 08:00:00,Ozone (O₃) µg/m³,43.174217
Alexandroupoli,2023-01-26 16:00:00,Ozone (O₃) µg/m³,47.726803
Alexandroupoli,2023-01-27 00:00:00,Ozone (O₃) µg/m³,50.148613
Alexandroupoli,2023-01-27 08:00:00,Ozone (O₃) µg/m³,57.14247
Alexandroupoli,2023-01-27 16:00:00,Ozone (O₃) µg/m³,39.827534
Alexandroupoli,2023-01-28 00:00:00,Ozone (O₃) µg/m³,32.223743
Alexandroupoli,2023-01-28 08:00:00,Ozone (O₃) µg/m³,37.493965
Alexandroupoli,2023-01-28 16:00:00,Ozone (O₃) µg/m³,36.37535
Alexandroupoli,2023-01-29 00:00:00,Ozone (O₃) µg/m³,46.642357
Alexandroupoli,2023-01-29 08:00:00,Ozone (O₃) µg/m³,39.879868
Alexandroupoli,2023-01-29 16:00:00,Ozone (O₃) µg/m³,33.116867
Alexandroupoli,2023-01-30 00:00:00,Ozone (O₃) µg/m³,39.25403
Alexandroupoli,2023-01-30 08:00:00,Ozone (O₃) µg/m³,46.034748
Alexandroupoli,2023-01-30 16:00:00,Ozone (O₃) µg/m³,41.2005
Alexandroupoli,2023-01-31 00:00:00,Ozone (O₃) µg/m³,37.094055
Alexandroupoli,2023-01-31 08:00:00,Ozone (O₃) µg/m³,58.0414
Alexandroupoli,2023-01-31 16:00:00,Ozone (O₃) µg/m³,41.49224
Chalkida,2023-01-01 00:00:00,Ozone (O₃) µg/m³,31.207264
Chalkida,2023-01-01 08:00:00,Ozone (O₃) µg/m³,51.62966
Chalkida,2023-01-01 16:00:00,Ozone (O₃) µg/m³,39.504032
Chalkida,2023-01-02 00:00:00,Ozone (O₃) µg/m³,33.012062
Chalkida,2023-01-02 08:00:00,Ozone (O₃) µg/m³,51.4494
Chalkida,2023-01-02 16:00:00,Ozone (O₃) µg/m³,36.350357
Chalkida,2023-01-03 00:00:00,Ozone (O₃) µg/m³,39.68578
Chalkida,2023-01-03 08:00:00,Ozone (O₃) µg/m³,56.050232
Chalkida,2023-01-03 16:00:00,Ozone (O₃) µg/m³,38.394505
Chalkida,2023-01-04 00:00:00,Ozone (O₃) µg/m³,35.6908
Chalkida,2023-01-04 08:00:00,Ozone (O₃) µg/m³,50.3141
Chalkida,2023-01-04 16:00:00,Ozone (O₃) µg/m³,36.977524
Chalkida,2023-01-05 00:00:00,Ozone (O₃) µg/m³,27.726368
Chalkida,2023-01-05 08:00:00,Ozone (O₃) µg/m³,44.288895
Chalkida,2023-01-05 16:00:00,Ozone (O₃) µg/m³,29.907719
Chalkida,2023-01-06 00:00:00,Ozone (O₃) µg/m³,29.998522
Chalkida,2023-01-06 08:00:00,Ozone (O₃) µg/m³,52.930008
Chalkida,2023-01-06 16:00:00,Ozone (O₃) µg/m³,43.90486
Chalkida,2023-01-07 00:00:00,Ozone (O₃) µg/m³,34.802017
Chalkida,2023-01-07 08:00:00,Ozone (O₃) µg/m³,55.241474
Chalkida,2023-01-07 16:00:00,Ozone (O₃) µg/m³,42.281437
Chalkida,2023-01-08 00:00:00,Ozone (O₃) µg/m³,31.1347
Chalkida,2023-01-08 08:00:00,Ozone (O₃) µg/m³,49.649643
Chalkida,2023-01-08 16:00:00,Ozone (O₃) µg/m³,36.630737
Chalkida,2023-01-09 00:00:00,Ozone (O₃) µg/m³,34.666374
Chalkida,2023-01-09 08:00:00,Ozone (O₃) µg/m³,56.105373
Chalkida,2023-01-09 16:00:00,Ozone (O₃) µg/m³,37.04197
Chalkida,2023-01-10 00:00:00,Ozone (O₃) µg/m³,58.178528
Chalkida,2023-01-10 08:00:00,Ozone (O₃) µg/m³,69.848724
Chalkida,2023-01-10 16:00:00,Ozone (O₃) µg/m³,59.043438
Chalkida,2023-01-11 00:00:00,Ozone (O₃) µg/m³,38.49509
Chalkida,2023-01-11 08:00:00,Ozone (O₃) µg/m³,53.075287
Chalkida,2023-01-11 16:00:00,Ozone (O₃) µg/m³,44.08902
Chalkida,2023-01-12 00:00:00,Ozone (O₃) µg/m³,30.650444
Chalkida,2023-01-12 08:00:00,Ozone (O₃) µg/m³,48.505424
Chalkida,2023-01-12 16:00:00,Ozone (O₃) µg/m³,48.183624
Chalkida,2023-01-13 00:00:00,Ozone (O₃) µg/m³,41.61876
Chalkida,2023-01-13 08:00:00,Ozone (O₃) µg/m³,49.313587
Chalkida,2023-01-13 16:00:00,Ozone (O₃) µg/m³,44.20445
Chalkida,2023-01-14 00:00:00,Ozone (O₃) µg/m³,33.620438
Chalkida,2023-01-14 08:00:00,Ozone (O₃) µg/m³,47.863525
Chalkida,2023-01-14 16:00:00,Ozone (O₃) µg/m³,32.371174
Chalkida,2023-01-15 00:00:00,Ozone (O₃) µg/m³,39.162872
Chalkida,2023-01-15 08:00:00,Ozone (O₃) µg/m³,57.725563
Chalkida,2023-01-15 16:00:00,Ozone (O₃) µg/m³,52.925117
Chalkida,2023-01-16 00:00:00,Ozone (O₃) µg/m³,31.561935
Chalkida,2023-01-16 08:00:00,Ozone (O₃) µg/m³,54.31798
Chalkida,2023-01-16 16:00:00,Ozone (O₃) µg/m³,53.891335
Chalkida,2023-01-17 00:00:00,Ozone (O₃) µg/m³,69.079315
Chalkida,2023-01-17 08:00:00,Ozone (O₃) µg/m³,77.47203
Chalkida,2023-01-17 16:00:00,Ozone (O₃) µg/m³,72.67883
Chalkida,2023-01-18 00:00:00,Ozone (O₃) µg/m³,69.40811
Chalkida,2023-01-18 08:00:00,Ozone (O₃) µg/m³,71.94855
Chalkida,2023-01-18 16:00:00,Ozone (O₃) µg/m³,67.465775
Chalkida,2023-01-19 00:00:00,Ozone (O₃) µg/m³,68.47038
Chalkida,2023-01-19 08:00:00,Ozone (O₃) µg/m³,75.71112
Chalkida,2023-01-19 16:00:00,Ozone (O₃) µg/m³,75.931755
Chalkida,2023-01-20 00:00:00,Ozone (O₃) µg/m³,74.48727
Chalkida,2023-01-20 08:00:00,Ozone (O₃) µg/m³,72.05612
Chalkida,2023-01-20 16:00:00,Ozone (O₃) µg/m³,55.44967
Chalkida,2023-01-21 00:00:00,Ozone (O₃) µg/m³,54.552666
Chalkida,2023-01-21 08:00:00,Ozone (O₃) µg/m³,76.370384
Chalkida,2023-01-21 16:00:00,Ozone (O₃) µg/m³,65.550415
Chalkida,2023-01-22 00:00:00,Ozone (O₃) µg/m³,44.90709
Chalkida,2023-01-22 08:00:00,Ozone (O₃) µg/m³,67.92788
Chalkida,2023-01-22 16:00:00,Ozone (O₃) µg/m³,65.93109
Chalkida,2023-01-23 00:00:00,Ozone (O₃) µg/m³,52.065987
Chalkida,2023-01-23 08:00:00,Ozone (O₃) µg/m³,74.66609
Chalkida,2023-01-23 16:00:00,Ozone (O₃) µg/m³,65.23433
Chalkida,2023-01-24 00:00:00,Ozone (O₃) µg/m³,53.911366
Chalkida,2023-01-24 08:00:00,Ozone (O₃) µg/m³,66.75489
Chalkida,2023-01-24 16:00:00,Ozone (O₃) µg/m³,58.885067
Chalkida,2023-01-25 00:00:00,Ozone (O₃) µg/m³,53.53179
Chalkida,2023-01-25 08:00:00,Ozone (O₃) µg/m³,58.467186
Chalkida,2023-01-25 16:00:00,Ozone (O₃) µg/m³,48.020943
Chalkida,2023-01-26 00:00:00,Ozone (O₃) µg/m³,49.18976
Chalkida,2023-01-26 08:00:00,Ozone (O₃) µg/m³,50.023712
Chalkida,2023-01-26 16:00:00,Ozone (O₃) µg/m³,39.176125
Chalkida,2023-01-27 00:00:00,Ozone (O₃) µg/m³,35.811157
Chalkida,2023-01-27 08:00:00,Ozone (O₃) µg/m³,53.264885
Chalkida,2023-01-27 16:00:00,Ozone (O₃) µg/m³,42.64746
Chalkida,2023-01-28 00:00:00,Ozone (O₃) µg/m³,40.42655
Chalkida,2023-01-28 08:00:00,Ozone (O₃) µg/m³,60.47883
Chalkida,2023-01-28 16:00:00,Ozone (O₃) µg/m³,54.739433
Chalkida,2023-01-29 00:00:00,Ozone (O₃) µg/m³,48.811516
Chalkida,2023-01-29 08:00:00,Ozone (O₃) µg/m³,55.20655
Chalkida,2023-01-29 16:00:00,Ozone (O₃) µg/m³,53.95815
Chalkida,2023-01-30 00:00:00,Ozone (O₃) µg/m³,49.927437
Chalkida,2023-01-30 08:00:00,Ozone (O₃) µg/m³,58.02939
Chalkida,2023-01-30 16:00:00,Ozone (O₃) µg/m³,46.525253
Chalkida,2023-01-31 00:00:00,Ozone (O₃) µg/m³,37.110477
Chalkida,2023-01-31 08:00:00,Ozone (O₃) µg/m³,66.276924
Chalkida,2023-01-31 16:00:00,Ozone (O₃) µg/m³,63.149776
Karpenisi,2023-01-01 00:00:00,Ozone (O₃) µg/m³,57.325096
Karpenisi,2023-01-01 08:00:00,Ozone (O₃) µg/m³,63.01
Karpenisi,2023-01-01 16:00:00,Ozone (O₃) µg/m³,55.971054
Karpenisi,2023-01-02 00:00:00,Ozone (O₃) µg/m³,59.271317
Karpenisi,2023-01-02 08:00:00,Ozone (O₃) µg/m³,66.61186
Karpenisi,2023-01-02 16:00:00,Ozone (O₃) µg/m³,55.70934
Karpenisi,2023-01-03 00:00:00,Ozone (O₃) µg/m³,56.81141
Karpenisi,2023-01-03 08:00:00,Ozone (O₃) µg/m³,62.169846
Karpenisi,2023-01-03 16:00:00,Ozone (O₃) µg/m³,53.405117
Karpenisi,2023-01-04 00:00:00,Ozone (O₃) µg/m³,50.534233
Karpenisi,2023-01-04 08:00:00,Ozone (O₃) µg/m³,56.39528
Karpenisi,2023-01-04 16:00:00,Ozone (O₃) µg/m³,48.60939
Karpenisi,2023-01-05 00:00:00,Ozone (O₃) µg/m³,49.2983
Karpenisi,2023-01-05 08:00:00,Ozone (O₃) µg/m³,64.734886
Karpenisi,2023-01-05 16:00:00,Ozone (O₃) µg/m³,56.196453
Karpenisi,2023-01-06 00:00:00,Ozone (O₃) µg/m³,57.32985
Karpenisi,2023-01-06 08:00:00,Ozone (O₃) µg/m³,62.56202
Karpenisi,2023-01-06 16:00:00,Ozone (O₃) µg/m³,49.52831
Karpenisi,2023-01-07 00:00:00,Ozone (O₃) µg/m³,48.721405
Karpenisi,2023-01-07 08:00:00,Ozone (O₃) µg/m³,61.812744
Karpenisi,2023-01-07 16:00:00,Ozone (O₃) µg/m³,52.408447
Karpenisi,2023-01-08 00:00:00,Ozone (O₃) µg/m³,56.072487
Karpenisi,2023-01-08 08:00:00,Ozone (O₃) µg/m³,65.15427
Karpenisi,2023-01-08 16:00:00,Ozone (O₃) µg/m³,55.19039
Karpenisi,2023-01-09 00:00:00,Ozone (O₃) µg/m³,59.662746
Karpenisi,2023-01-09 08:00:00,Ozone (O₃) µg/m³,65.301636
Karpenisi,2023-01-09 16:00:00,Ozone (O₃) µg/m³,62.46494
Karpenisi,2023-01-10 00:00:00,Ozone (O₃) µg/m³,66.19803
Karpenisi,2023-01-10 08:00:00,Ozone (O₃) µg/m³,66.06983
Karpenisi,2023-01-10 16:00:00,Ozone (O₃) µg/m³,63.57548
Karpenisi,2023-01-11 00:00:00,Ozone (O₃) µg/m³,54.03224
Karpenisi,2023-01-11 08:00:00,Ozone (O₃) µg/m³,55.117805
Karpenisi,2023-01-11 16:00:00,Ozone (O₃) µg/m³,44.826263
Karpenisi,2023-01-12 00:00:00,Ozone (O₃) µg/m³,39.595497
Karpenisi,2023-01-12 08:00:00,Ozone (O₃) µg/m³,57.782764
Karpenisi,2023-01-12 16:00:00,Ozone (O₃) µg/m³,48.043198
Karpenisi,2023-01-13 00:00:00,Ozone (O₃) µg/m³,45.055817
Karpenisi,2023-01-13 08:00:00,Ozone (O₃) µg/m³,64.463356
Karpenisi,2023-01-13 16:00:00,Ozone (O₃) µg/m³,45.504124
Karpenisi,2023-01-14 00:00:00,Ozone (O₃) µg/m³,50.56305
Karpenisi,2023-01-14 08:00:00,Ozone (O₃) µg/m³,64.97086
Karpenisi,2023-01-14 16:00:00,Ozone (O₃) µg/m³,48.1121
Karpenisi,2023-01-15 00:00:00,Ozone (O₃) µg/m³,46.095417
Karpenisi,2023-01-15 08:00:00,Ozone (O₃) µg/m³,60.264927
Karpenisi,2023-01-15 16:00:00,Ozone (O₃) µg/m³,45.6687
Karpenisi,2023-01-16 00:00:00,Ozone (O₃) µg/m³,50.938343
Karpenisi,2023-01-16 08:00:00,Ozone (O₃) µg/m³,65.33892
Karpenisi,2023-01-16 16:00:00,Ozone (O₃) µg/m³,77.1569
Karpenisi,2023-01-17 00:00:00,Ozone (O₃) µg/m³,73.85936
Karpenisi,2023-01-17 08:00:00,Ozone (O₃) µg/m³,71.99194
Karpenisi,2023-01-17 16:00:00,Ozone (O₃) µg/m³,76.60084
Karpenisi,2023-01-18 00:00:00,Ozone (O₃) µg/m³,73.20743
Karpenisi,2023-01-18 08:00:00,Ozone (O₃) µg/m³,71.06829
Karpenisi,2023-01-18 16:00:00,Ozone (O₃) µg/m³,69.78125
Karpenisi,2023-01-19 00:00:00,Ozone (O₃) µg/m³,67.21155
Karpenisi,2023-01-19 08:00:00,Ozone (O₃) µg/m³,68.10493
Karpenisi,2023-01-19 16:00:00,Ozone (O₃) µg/m³,64.55568
Karpenisi,2023-01-20 00:00:00,Ozone (O₃) µg/m³,64.43864
Karpenisi,2023-01-20 08:00:00,Ozone (O₃) µg/m³,62.551773
Karpenisi,2023-01-20 16:00:00,Ozone (O₃) µg/m³,65.09732
Karpenisi,2023-01-21 00:00:00,Ozone (O₃) µg/m³,66.70044
Karpenisi,2023-01-21 08:00:00,Ozone (O₃) µg/m³,67.64574
Karpenisi,2023-01-21 16:00:00,Ozone (O₃) µg/m³,63.619797
Karpenisi,2023-01-22 00:00:00,Ozone (O₃) µg/m³,56.886185
Karpenisi,2023-01-22 08:00:00,Ozone (O₃) µg/m³,72.48116
Karpenisi,2023-01-22 16:00:00,Ozone (O₃) µg/m³,60.166492
Karpenisi,2023-01-23 00:00:00,Ozone (O₃) µg/m³,58.798176
Karpenisi,2023-01-23 08:00:00,Ozone (O₃) µg/m³,68.55205
Karpenisi,2023-01-23 16:00:00,Ozone (O₃) µg/m³,55.06421
Karpenisi,2023-01-24 00:00:00,Ozone (O₃) µg/m³,59.79039
Karpenisi,2023-01-24 08:00:00,Ozone (O₃) µg/m³,68.986496
Karpenisi,2023-01-24 16:00:00,Ozone (O₃) µg/m³,54.43302
Karpenisi,2023-01-25 00:00:00,Ozone (O₃) µg/m³,49.12081
Karpenisi,2023-01-25 08:00:00,Ozone (O₃) µg/m³,49.393295
Karpenisi,2023-01-25 16:00:00,Ozone (O₃) µg/m³,46.8038
Karpenisi,2023-01-26 00:00:00,Ozone (O₃) µg/m³,45.595306
Karpenisi,2023-01-26 08:00:00,Ozone (O₃) µg/m³,48.34732
Karpenisi,2023-01-26 16:00:00,Ozone (O₃) µg/m³,50.95581
Karpenisi,2023-01-27 00:00:00,Ozone (O₃) µg/m³,49.158287
Karpenisi,2023-01-27 08:00:00,Ozone (O₃) µg/m³,53.92447
Karpenisi,2023-01-27 16:00:00,Ozone (O₃) µg/m³,57.241917
Karpenisi,2023-01-28 00:00:00,Ozone (O₃) µg/m³,58.81038
Karpenisi,2023-01-28 08:00:00,Ozone (O₃) µg/m³,68.63499
Karpenisi,2023-01-28 16:00:00,Ozone (O₃) µg/m³,60.270245
Karpenisi,2023-01-29 00:00:00,Ozone (O₃) µg/m³,51.638046
Karpenisi,2023-01-29 08:00:00,Ozone (O₃) µg/m³,55.48735
Karpenisi,2023-01-29 16:00:00,Ozone (O₃) µg/m³,57.98162
Karpenisi,2023-01-30 00:00:00,Ozone (O₃) µg/m³,55.10151
Karpenisi,2023-01-30 08:00:00,Ozone (O₃) µg/m³,63.23501
Karpenisi,2023-01-30 16:00:00,Ozone (O₃) µg/m³,62.898598
Karpenisi,2023-01-31 00:00:00,Ozone (O₃) µg/m³,57.595463
Karpenisi,2023-01-31 08:00:00,Ozone (O₃) µg/m³,68.30032
Karpenisi,2023-01-31 16:00:00,Ozone (O₃) µg/m³,60.94374
Zakynthos,2023-01-01 00:00:00,Ozone (O₃) µg/m³,54.806244
Zakynthos,2023-01-01 08:00:00,Ozone (O₃) µg/m³,60.633827
Zakynthos,2023-01-01 16:00:00,Ozone (O₃) µg/m³,61.257008
Zakynthos,2023-01-02 00:00:00,Ozone (O₃) µg/m³,52.243492
Zakynthos,2023-01-02 08:00:00,Ozone (O₃) µg/m³,59.721592
Zakynthos,2023-01-02 16:00:00,Ozone (O₃) µg/m³,56.380455
Zakynthos,2023-01-03 00:00:00,Ozone (O₃) µg/m³,52.507877
Zakynthos,2023-01-03 08:00:00,Ozone (O₃) µg/m³,66.29164
Zakynthos,2023-01-03 16:00:00,Ozone (O₃) µg/m³,63.038322
Zakynthos,2023-01-04 00:00:00,Ozone (O₃) µg/m³,59.552856
Zakynthos,2023-01-04 08:00:00,Ozone (O₃) µg/m³,61.433163
Zakynthos,2023-01-04 16:00:00,Ozone (O₃) µg/m³,57.486443
Zakynthos,2023-01-05 00:00:00,Ozone (O₃) µg/m³,52.420994
Zakynthos,2023-01-05 08:00:00,Ozone (O₃) µg/m³,57.866432
Zakynthos,2023-01-05 16:00:00,Ozone (O₃) µg/m³,60.77685
Zakynthos,2023-01-06 00:00:00,Ozone (O₃) µg/m³,58.637817
Zakynthos,2023-01-06 08:00:00,Ozone (O₃) µg/m³,61.16528
Zakynthos,2023-01-06 16:00:00,Ozone (O₃) µg/m³,57.206413
Zakynthos,2023-01-07 00:00:00,Ozone (O₃) µg/m³,54.944168
Zakynthos,2023-01-07 08:00:00,Ozone (O₃) µg/m³,63.342693
Zakynthos,2023-01-07 16:00:00,Ozone (O₃) µg/m³,65.215355
Zakynthos,2023-01-08 00:00:00,Ozone (O₃) µg/m³,62.347504
Zakynthos,2023-01-08 08:00:00,Ozone (O₃) µg/m³,64.323074
Zakynthos,2023-01-08 16:00:00,Ozone (O₃) µg/m³,64.93784
Zakynthos,2023-01-09 00:00:00,Ozone (O₃) µg/m³,59.226685
Zakynthos,2023-01-09 08:00:00,Ozone (O₃) µg/m³,70.931465
Zakynthos,2023-01-09 16:00:00,Ozone (O₃) µg/m³,78.55498
Zakynthos,2023-01-10 00:00:00,Ozone (O₃) µg/m³,74.65173
Zakynthos,2023-01-10 08:00:00,Ozone (O₃) µg/m³,77.28067
Zakynthos,2023-01-10 16:00:00,Ozone (O₃) µg/m³,70.92523
Zakynthos,2023-01-11 00:00:00,Ozone (O₃) µg/m³,61.96479
Zakynthos,2023-01-11 08:00:00,Ozone (O₃) µg/m³,61.848614
Zakynthos,2023-01-11 16:00:00,Ozone (O₃) µg/m³,52.60684
Zakynthos,2023-01-12 00:00:00,Ozone (O₃) µg/m³,55.09851
Zakynthos,2023-01-12 08:00:00,Ozone (O₃) µg/m³,60.681496
Zakynthos,2023-01-12 16:00:00,Ozone (O₃) µg/m³,61.70141
Zakynthos,2023-01-13 00:00:00,Ozone (O₃) µg/m³,54.71573
Zakynthos,2023-01-13 08:00:00,Ozone (O₃) µg/m³,64.13443
Zakynthos,2023-01-13 16:00:00,Ozone (O₃) µg/m³,60.839355
Zakynthos,2023-01-14 00:00:00,Ozone (O₃) µg/m³,58.92536
Zakynthos,2023-01-14 08:00:00,Ozone (O₃) µg/m³,65.06604
Zakynthos,2023-01-14 16:00:00,Ozone (O₃) µg/m³,65.91086
Zakynthos,2023-01-15 00:00:00,Ozone (O₃) µg/m³,61.078148
Zakynthos,2023-01-15 08:00:00,Ozone (O₃) µg/m³,63.785892
Zakynthos,2023-01-15 16:00:00,Ozone (O₃) µg/m³,65.362915
Zakynthos,2023-01-16 00:00:00,Ozone (O₃) µg/m³,66.2642
Zakynthos,2023-01-16 08:00:00,Ozone (O₃) µg/m³,79.59116
Zakynthos,2023-01-16 16:00:00,Ozone (O₃) µg/m³,84.4864
Zakynthos,2023-01-17 00:00:00,Ozone (O₃) µg/m³,82.10635
Zakynthos,2023-01-17 08:00:00,Ozone (O₃) µg/m³,82.41524
Zakynthos,2023-01-17 16:00:00,Ozone (O₃) µg/m³,83.112724
Zakynthos,2023-01-18 00:00:00,Ozone (O₃) µg/m³,78.44716
Zakynthos,2023-01-18 08:00:00,Ozone (O₃) µg/m³,78.5633
Zakynthos,2023-01-18 16:00:00,Ozone (O₃) µg/m³,74.35724
Zakynthos,2023-01-19 00:00:00,Ozone (O₃) µg/m³,73.0
Zakynthos,2023-01-19 08:00:00,Ozone (O₃) µg/m³,75.58174
Zakynthos,2023-01-19 16:00:00,Ozone (O₃) µg/m³,70.61655
Zakynthos,2023-01-20 00:00:00,Ozone (O₃) µg/m³,71.6039
Zakynthos,2023-01-20 08:00:00,Ozone (O₃) µg/m³,70.93476
Zakynthos,2023-01-20 16:00:00,Ozone (O₃) µg/m³,74.60155
Zakynthos,2023-01-21 00:00:00,Ozone (O₃) µg/m³,78.41257
Zakynthos,2023-01-21 08:00:00,Ozone (O₃) µg/m³,75.16046
Zakynthos,2023-01-21 16:00:00,Ozone (O₃) µg/m³,72.95633
Zakynthos,2023-01-22 00:00:00,Ozone (O₃) µg/m³,70.01408
Zakynthos,2023-01-22 08:00:00,Ozone (O₃) µg/m³,73.39876
Zakynthos,2023-01-22 16:00:00,Ozone (O₃) µg/m³,79.716415
Zakynthos,2023-01-23 00:00:00,Ozone (O₃) µg/m³,77.9365
Zakynthos,2023-01-23 08:00:00,Ozone (O₃) µg/m³,74.13845
Zakynthos,2023-01-23 16:00:00,Ozone (O₃) µg/m³,76.11835
Zakynthos,2023-01-24 00:00:00,Ozone (O₃) µg/m³,75.652405
Zakynthos,2023-01-24 08:00:00,Ozone (O₃) µg/m³,77.14267
Zakynthos,2023-01-24 16:00:00,Ozone (O₃) µg/m³,73.21486
Zakynthos,2023-01-25 00:00:00,Ozone (O₃) µg/m³,70.19754
Zakynthos,2023-01-25 08:00:00,Ozone (O₃) µg/m³,69.379265
Zakynthos,2023-01-25 16:00:00,Ozone (O₃) µg/m³,67.153275
Zakynthos,2023-01-26 00:00:00,Ozone (O₃) µg/m³,74.744675
Zakynthos,2023-01-26 08:00:00,Ozone (O₃) µg/m³,75.54379
Zakynthos,2023-01-26 16:00:00,Ozone (O₃) µg/m³,80.47136
Zakynthos,2023-01-27 00:00:00,Ozone (O₃) µg/m³,72.157394
Zakynthos,2023-01-27 08:00:00,Ozone (O₃) µg/m³,73.08955
Zakynthos,2023-01-27 16:00:00,Ozone (O₃) µg/m³,72.916626
Zakynthos,2023-01-28 00:00:00,Ozone (O₃) µg/m³,72.00987
Zakynthos,2023-01-28 08:00:00,Ozone (O₃) µg/m³,74.572105
Zakynthos,2023-01-28 16:00:00,Ozone (O₃) µg/m³,69.84859
Zakynthos,2023-01-29 00:00:00,Ozone (O₃) µg/m³,74.49165
Zakynthos,2023-01-29 08:00:00,Ozone (O₃) µg/m³,70.93071
Zakynthos,2023-01-29 16:00:00,Ozone (O₃) µg/m³,74.2135
Zakynthos,2023-01-30 00:00:00,Ozone (O₃) µg/m³,66.40544
Zakynthos,2023-01-30 08:00:00,Ozone (O₃) µg/m³,75.464066
Zakynthos,2023-01-30 16:00:00,Ozone (O₃) µg/m³,72.841934
Zakynthos,2023-01-31 00:00:00,Ozone (O₃) µg/m³,66.667564
Zakynthos,2023-01-31 08:00:00,Ozone (O₃) µg/m³,70.84239
Zakynthos,2023-01-31 16:00:00,Ozone (O₃) µg/m³,75.786896
Pyrgos,2023-01-01 00:00:00,Ozone (O₃) µg/m³,39.58289
Pyrgos,2023-01-01 08:00:00,Ozone (O₃) µg/m³,60.395824
Pyrgos,2023-01-01 16:00:00,Ozone (O₃) µg/m³,44.04141
Pyrgos,2023-01-02 00:00:00,Ozone (O₃) µg/m³,44.33852
Pyrgos,2023-01-02 08:00:00,Ozone (O₃) µg/m³,62.057247
Pyrgos,2023-01-02 16:00:00,Ozone (O₃) µg/m³,52.849823
Pyrgos,2023-01-03 00:00:00,Ozone (O₃) µg/m³,47.156593
Pyrgos,2023-01-03 08:00:00,Ozone (O₃) µg/m³,56.559242
Pyrgos,2023-01-03 16:00:00,Ozone (O₃) µg/m³,50.990242
Pyrgos,2023-01-04 00:00:00,Ozone (O₃) µg/m³,48.38463
Pyrgos,2023-01-04 08:00:00,Ozone (O₃) µg/m³,59.613583
Pyrgos,2023-01-04 16:00:00,Ozone (O₃) µg/m³,50.721714
Pyrgos,2023-01-05 00:00:00,Ozone (O₃) µg/m³,37.243084
Pyrgos,2023-01-05 08:00:00,Ozone (O₃) µg/m³,59.360657
Pyrgos,2023-01-05 16:00:00,Ozone (O₃) µg/m³,45.684464
Pyrgos,2023-01-06 00:00:00,Ozone (O₃) µg/m³,43.73088
Pyrgos,2023-01-06 08:00:00,Ozone (O₃) µg/m³,61.297432
Pyrgos,2023-01-06 16:00:00,Ozone (O₃) µg/m³,48.51046
Pyrgos,2023-01-07 00:00:00,Ozone (O₃) µg/m³,40.659676
Pyrgos,2023-01-07 08:00:00,Ozone (O₃) µg/m³,63.745388
Pyrgos,2023-01-07 16:00:00,Ozone (O₃) µg/m³,56.458538
Pyrgos,2023-01-08 00:00:00,Ozone (O₃) µg/m³,48.304768
Pyrgos,2023-01-08 08:00:00,Ozone (O₃) µg/m³,67.332115
Pyrgos,2023-01-08 16:00:00,Ozone (O₃) µg/m³,53.544804
Pyrgos,2023-01-09 00:00:00,Ozone (O₃) µg/m³,50.80857
Pyrgos,2023-01-09 08:00:00,Ozone (O₃) µg/m³,68.023865
Pyrgos,2023-01-09 16:00:00,Ozone (O₃) µg/m³,77.307434
Pyrgos,2023-01-10 00:00:00,Ozone (O₃) µg/m³,77.09123
Pyrgos,2023-01-10 08:00:00,Ozone (O₃) µg/m³,76.26349
Pyrgos,2023-01-10 16:00:00,Ozone (O₃) µg/m³,67.098694
Pyrgos,2023-01-11 00:00:00,Ozone (O₃) µg/m³,50.100872
Pyrgos,2023-01-11 08:00:00,Ozone (O₃) µg/m³,62.384693
Pyrgos,2023-01-11 16:00:00,Ozone (O₃) µg/m³,53.374023
Pyrgos,2023-01-12 00:00:00,Ozone (O₃) µg/m³,41.579
Pyrgos,2023-01-12 08:00:00,Ozone (O₃) µg/m³,58.46707
Pyrgos,2023-01-12 16:00:00,Ozone (O₃) µg/m³,51.439117
Pyrgos,2023-01-13 00:00:00,Ozone (O₃) µg/m³,41.783485
Pyrgos,2023-01-13 08:00:00,Ozone (O₃) µg/m³,60.826435
Pyrgos,2023-01-13 16:00:00,Ozone (O₃) µg/m³,51.60923
Pyrgos,2023-01-14 00:00:00,Ozone (O₃) µg/m³,46.02867
Pyrgos,2023-01-14 08:00:00,Ozone (O₃) µg/m³,63.00225
Pyrgos,2023-01-14 16:00:00,Ozone (O₃) µg/m³,49.355606
Pyrgos,2023-01-15 00:00:00,Ozone (O₃) µg/m³,44.57167
Pyrgos,2023-01-15 08:00:00,Ozone (O₃) µg/m³,62.884415
Pyrgos,2023-01-15 16:00:00,Ozone (O₃) µg/m³,51.430176
Pyrgos,2023-01-16 00:00:00,Ozone (O₃) µg/m³,44.29136
Pyrgos,2023-01-16 08:00:00,Ozone (O₃) µg/m³,73.463196
Pyrgos,2023-01-16 16:00:00,Ozone (O₃) µg/m³,84.748085
Pyrgos,2023-01-17 00:00:00,Ozone (O₃) µg/m³,80.87671
Pyrgos,2023-01-17 08:00:00,Ozone (O₃) µg/m³,82.80028
Pyrgos,2023-01-17 16:00:00,Ozone (O₃) µg/m³,84.03442
Pyrgos,2023-01-18 00:00:00,Ozone (O₃) µg/m³,78.931244
Pyrgos,2023-01-18 08:00:00,Ozone (O₃) µg/m³,78.65125
Pyrgos,2023-01-18 16:00:00,Ozone (O₃) µg/m³,73.69524
Pyrgos,2023-01-19 00:00:00,Ozone (O₃) µg/m³,70.923904
Pyrgos,2023-01-19 08:00:00,Ozone (O₃) µg/m³,76.9736
Pyrgos,2023-01-19 16:00:00,Ozone (O₃) µg/m³,74.64505
Pyrgos,2023-01-20 00:00:00,Ozone (O₃) µg/m³,70.93257
Pyrgos,2023-01-20 08:00:00,Ozone (O₃) µg/m³,69.97303
Pyrgos,2023-01-20 16:00:00,Ozone (O₃) µg/m³,73.48578
Pyrgos,2023-01-21 00:00:00,Ozone (O₃) µg/m³,78.92641
Pyrgos,2023-01-21 08:00:00,Ozone (O₃) µg/m³,76.627045
Pyrgos,2023-01-21 16:00:00,Ozone (O₃) µg/m³,69.491714
Pyrgos,2023-01-22 00:00:00,Ozone (O₃) µg/m³,58.014404
Pyrgos,2023-01-22 08:00:00,Ozone (O₃) µg/m³,70.841835
Pyrgos,2023-01-22 16:00:00,Ozone (O₃) µg/m³,72.01346
Pyrgos,2023-01-23 00:00:00,Ozone (O₃) µg/m³,68.36948
Pyrgos,2023-01-23 08:00:00,Ozone (O₃) µg/m³,75.16312
Pyrgos,2023-01-23 16:00:00,Ozone (O₃) µg/m³,71.92857
Pyrgos,2023-01-24 00:00:00,Ozone (O₃) µg/m³,61.374172
Pyrgos,2023-01-24 08:00:00,Ozone (O₃) µg/m³,72.96891
Pyrgos,2023-01-24 16:00:00,Ozone (O₃) µg/m³,57.739403
Pyrgos,2023-01-25 00:00:00,Ozone (O₃) µg/m³,53.53174
Pyrgos,2023-01-25 08:00:00,Ozone (O₃) µg/m³,60.70229
Pyrgos,2023-01-25 16:00:00,Ozone (O₃) µg/m³,57.468597
Pyrgos,2023-01-26 00:00:00,Ozone (O₃) µg/m³,63.52803
Pyrgos,2023-01-26 08:00:00,Ozone (O₃) µg/m³,71.7519
Pyrgos,2023-01-26 16:00:00,Ozone (O₃) µg/m³,70.57556
Pyrgos,2023-01-27 00:00:00,Ozone (O₃) µg/m³,76.667145
Pyrgos,2023-01-27 08:00:00,Ozone (O₃) µg/m³,75.52887
Pyrgos,2023-01-27 16:00:00,Ozone (O₃) µg/m³,64.86856
Pyrgos,2023-01-28 00:00:00,Ozone (O₃) µg/m³,53.141655
Pyrgos,2023-01-28 08:00:00,Ozone (O₃) µg/m³,73.15032
Pyrgos,2023-01-28 16:00:00,Ozone (O₃) µg/m³,68.66226
Pyrgos,2023-01-29 00:00:00,Ozone (O₃) µg/m³,53.326748
Pyrgos,2023-01-29 08:00:00,Ozone (O₃) µg/m³,67.98943
Pyrgos,2023-01-29 16:00:00,Ozone (O₃) µg/m³,56.704945
Pyrgos,2023-01-30 00:00:00,Ozone (O₃) µg/m³,49.542812
Pyrgos,2023-01-30 08:00:00,Ozone (O₃) µg/m³,73.128265
Pyrgos,2023-01-30 16:00:00,Ozone (O₃) µg/m³,66.07624
Pyrgos,2023-01-31 00:00:00,Ozone (O₃) µg/m³,60.3532
Pyrgos,2023-01-31 08:00:00,Ozone (O₃) µg/m³,64.52997
Pyrgos,2023-01-31 16:00:00,Ozone (O₃) µg/m³,63.644753
Veria,2023-01-01 00:00:00,Ozone (O₃) µg/m³,32.46765
Veria,2023-01-01 08:00:00,Ozone (O₃) µg/m³,50.41987
Veria,2023-01-01 16:00:00,Ozone (O₃) µg/m³,43.86259
Veria,2023-01-02 00:00:00,Ozone (O₃) µg/m³,40.79354
Veria,2023-01-02 08:00:00,Ozone (O₃) µg/m³,40.571953
Veria,2023-01-02 16:00:00,Ozone (O₃) µg/m³,23.803442
Veria,2023-01-03 00:00:00,Ozone (O₃) µg/m³,27.979574
Veria,2023-01-03 08:00:00,Ozone (O₃) µg/m³,32.623062
Veria,2023-01-03 16:00:00,Ozone (O₃) µg/m³,24.704342
Veria,2023-01-04 00:00:00,Ozone (O₃) µg/m³,38.290268
Veria,2023-01-04 08:00:00,Ozone (O₃) µg/m³,42.604706
Veria,2023-01-04 16:00:00,Ozone (O₃) µg/m³,28.426233
Veria,2023-01-05 00:00:00,Ozone (O₃) µg/m³,27.531033
Veria,2023-01-05 08:00:00,Ozone (O₃) µg/m³,37.709583
Veria,2023-01-05 16:00:00,Ozone (O₃) µg/m³,25.391932
Veria,2023-01-06 00:00:00,Ozone (O₃) µg/m³,41.243233
Veria,2023-01-06 08:00:00,Ozone (O₃) µg/m³,54.168495
Veria,2023-01-06 16:00:00,Ozone (O₃) µg/m³,44.530804
Veria,2023-01-07 00:00:00,Ozone (O₃) µg/m³,50.423805
Veria,2023-01-07 08:00:00,Ozone (O₃) µg/m³,52.869446
Veria,2023-01-07 16:00:00,Ozone (O₃) µg/m³,38.010674
Veria,2023-01-08 00:00:00,Ozone (O₃) µg/m³,35.17314
Veria,2023-01-08 08:00:00,Ozone (O₃) µg/m³,50.22427
Veria,2023-01-08 16:00:00,Ozone (O₃) µg/m³,32.499084
Veria,2023-01-09 00:00:00,Ozone (O₃) µg/m³,30.190132
Veria,2023-01-09 08:00:00,Ozone (O₃) µg/m³,45.35694
Veria,2023-01-09 16:00:00,Ozone (O₃) µg/m³,39.36908
Veria,2023-01-10 00:00:00,Ozone (O₃) µg/m³,35.917194
Veria,2023-01-10 08:00:00,Ozone (O₃) µg/m³,41.516098
Veria,2023-01-10 16:00:00,Ozone (O₃) µg/m³,34.75994
Veria,2023-01-11 00:00:00,Ozone (O₃) µg/m³,38.92423
Veria,2023-01-11 08:00:00,Ozone (O₃) µg/m³,40.39013
Veria,2023-01-11 16:00:00,Ozone (O₃) µg/m³,30.232933
Veria,2023-01-12 00:00:00,Ozone (O₃) µg/m³,30.43568
Veria,2023-01-12 08:00:00,Ozone (O₃) µg/m³,47.200333
Veria,2023-01-12 16:00:00,Ozone (O₃) µg/m³,31.286745
Veria,2023-01-13 00:00:00,Ozone (O₃) µg/m³,36.58562
Veria,2023-01-13 08:00:00,Ozone (O₃) µg/m³,46.234695
Veria,2023-01-13 16:00:00,Ozone (O₃) µg/m³,33.660683
Veria,2023-01-14 00:00:00,Ozone (O₃) µg/m³,26.612606
Veria,2023-01-14 08:00:00,Ozone (O₃) µg/m³,33.39522
Veria,2023-01-14 16:00:00,Ozone (O₃) µg/m³,27.568335
Veria,2023-01-15 00:00:00,Ozone (O₃) µg/m³,40.679443
Veria,2023-01-15 08:00:00,Ozone (O₃) µg/m³,53.07296
Veria,2023-01-15 16:00:00,Ozone (O₃) µg/m³,32.438446
Veria,2023-01-16 00:00:00,Ozone (O₃) µg/m³,24.337029
Veria,2023-01-16 08:00:00,Ozone (O₃) µg/m³,44.48054
Veria,2023-01-16 16:00:00,Ozone (O₃) µg/m³,33.48454
Veria,2023-01-17 00:00:00,Ozone (O₃) µg/m³,39.220963
Veria,2023-01-17 08:00:00,Ozone (O₃) µg/m³,49.01685
Veria,2023-01-17 16:00:00,Ozone (O₃) µg/m³,40.08399
Veria,2023-01-18 00:00:00,Ozone (O₃) µg/m³,42.01944
Veria,2023-01-18 08:00:00,Ozone (O₃) µg/m³,62.179775
Veria,2023-01-18 16:00:00,Ozone (O₃) µg/m³,47.66652
Veria,2023-01-19 00:00:00,Ozone (O₃) µg/m³,47.309937
Veria,2023-01-19 08:00:00,Ozone (O₃) µg/m³,56.785442
Veria,2023-01-19 16:00:00,Ozone (O₃) µg/m³,43.347816
Veria,2023-01-20 00:00:00,Ozone (O₃) µg/m³,37.917957
Veria,2023-01-20 08:00:00,Ozone (O₃) µg/m³,55.86325
Veria,2023-01-20 16:00:00,Ozone (O₃) µg/m³,48.339622
Veria,2023-01-21 00:00:00,Ozone (O₃) µg/m³,34.65977
Veria,2023-01-21 08:00:00,Ozone (O₃) µg/m³,49.22248
Veria,2023-01-21 16:00:00,Ozone (O₃) µg/m³,39.406425
Veria,2023-01-22 00:00:00,Ozone (O₃) µg/m³,41.2193
Veria,2023-01-22 08:00:00,Ozone (O₃) µg/m³,55.523926
Veria,2023-01-22 16:00:00,Ozone (O₃) µg/m³,45.08824
Veria,2023-01-23 00:00:00,Ozone (O₃) µg/m³,42.709023
Veria,2023-01-23 08:00:00,Ozone (O₃) µg/m³,58.173645
Veria,2023-01-23 16:00:00,Ozone (O₃) µg/m³,49.54441
Veria,2023-01-24 00:00:00,Ozone (O₃) µg/m³,49.367958
Veria,2023-01-24 08:00:00,Ozone (O₃) µg/m³,48.424408
Veria,2023-01-24 16:00:00,Ozone (O₃) µg/m³,37.056133
Veria,2023-01-25 00:00:00,Ozone (O₃) µg/m³,35.5207
Veria,2023-01-25 08:00:00,Ozone (O₃) µg/m³,43.265858
Veria,2023-01-25 16:00:00,Ozone (O₃) µg/m³,31.408016
Veria,2023-01-26 00:00:00,Ozone (O₃) µg/m³,33.90131
Veria,2023-01-26 08:00:00,Ozone (O₃) µg/m³,36.23524
Veria,2023-01-26 16:00:00,Ozone (O₃) µg/m³,40.28022
Veria,2023-01-27 00:00:00,Ozone (O₃) µg/m³,36.593582
Veria,2023-01-27 08:00:00,Ozone (O₃) µg/m³,40.988167
Veria,2023-01-27 16:00:00,Ozone (O₃) µg/m³,27.149998
Veria,2023-01-28 00:00:00,Ozone (O₃) µg/m³,27.398859
Veria,2023-01-28 08:00:00,Ozone (O₃) µg/m³,48.255337
Veria,2023-01-28 16:00:00,Ozone (O₃) µg/m³,40.16448
Veria,2023-01-29 00:00:00,Ozone (O₃) µg/m³,41.45745
Veria,2023-01-29 08:00:00,Ozone (O₃) µg/m³,52.14633
Veria,2023-01-29 16:00:00,Ozone (O₃) µg/m³,43.397728
Veria,2023-01-30 00:00:00,Ozone (O₃) µg/m³,39.553764
Veria,2023-01-30 08:00:00,Ozone (O₃) µg/m³,51.30813
Veria,2023-01-30 16:00:00,Ozone (O₃) µg/m³,42.888943
Veria,2023-01-31 00:00:00,Ozone (O₃) µg/m³,43.315483
Veria,2023-01-31 08:00:00,Ozone (O₃) µg/m³,61.03573
Veria,2023-01-31 16:00:00,Ozone (O₃) µg/m³,53.305813
Heraklion,2023-01-01 00:00:00,Ozone (O₃) µg/m³,51.77227
Heraklion,2023-01-01 08:00:00,Ozone (O₃) µg/m³,68.331924
Heraklion,2023-01-01 16:00:00,Ozone (O₃) µg/m³,61.497093
Heraklion,2023-01-02 00:00:00,Ozone (O₃) µg/m³,57.04622
Heraklion,2023-01-02 08:00:00,Ozone (O₃) µg/m³,68.12801
Heraklion,2023-01-02 16:00:00,Ozone (O₃) µg/m³,57.23683
Heraklion,2023-01-03 00:00:00,Ozone (O₃) µg/m³,54.771458
Heraklion,2023-01-03 08:00:00,Ozone (O₃) µg/m³,73.8767
Heraklion,2023-01-03 16:00:00,Ozone (O₃) µg/m³,54.03668
Heraklion,2023-01-04 00:00:00,Ozone (O₃) µg/m³,49.79776
Heraklion,2023-01-04 08:00:00,Ozone (O₃) µg/m³,70.20058
Heraklion,2023-01-04 16:00:00,Ozone (O₃) µg/m³,65.869026
Heraklion,2023-01-05 00:00:00,Ozone (O₃) µg/m³,60.37539
Heraklion,2023-01-05 08:00:00,Ozone (O₃) µg/m³,61.3773
Heraklion,2023-01-05 16:00:00,Ozone (O₃) µg/m³,45.684258
Heraklion,2023-01-06 00:00:00,Ozone (O₃) µg/m³,44.077545
Heraklion,2023-01-06 08:00:00,Ozone (O₃) µg/m³,67.894806
Heraklion,2023-01-06 16:00:00,Ozone (O₃) µg/m³,54.623497
Heraklion,2023-01-07 00:00:00,Ozone (O₃) µg/m³,52.70779
Heraklion,2023-01-07 08:00:00,Ozone (O₃) µg/m³,69.91455
Heraklion,2023-01-07 16:00:00,Ozone (O₃) µg/m³,55.81198
Heraklion,2023-01-08 00:00:00,Ozone (O₃) µg/m³,60.071667
Heraklion,2023-01-08 08:00:00,Ozone (O₃) µg/m³,74.68962
Heraklion,2023-01-08 16:00:00,Ozone (O₃) µg/m³,69.18276
Heraklion,2023-01-09 00:00:00,Ozone (O₃) µg/m³,62.355793
Heraklion,2023-01-09 08:00:00,Ozone (O₃) µg/m³,66.7688
Heraklion,2023-01-09 16:00:00,Ozone (O₃) µg/m³,52.541977
Heraklion,2023-01-10 00:00:00,Ozone (O₃) µg/m³,66.220856
Heraklion,2023-01-10 08:00:00,Ozone (O₃) µg/m³,74.45632
Heraklion,2023-01-10 16:00:00,Ozone (O₃) µg/m³,69.936066
Heraklion,2023-01-11 00:00:00,Ozone (O₃) µg/m³,66.64784
Heraklion,2023-01-11 08:00:00,Ozone (O₃) µg/m³,63.536503
Heraklion,2023-01-11 16:00:00,Ozone (O₃) µg/m³,44.561913
Heraklion,2023-01-12 00:00:00,Ozone (O₃) µg/m³,52.90587
Heraklion,2023-01-12 08:00:00,Ozone (O₃) µg/m³,65.9095
Heraklion,2023-01-12 16:00:00,Ozone (O₃) µg/m³,50.580917
Heraklion,2023-01-13 00:00:00,Ozone (O₃) µg/m³,51.707703
Heraklion,2023-01-13 08:00:00,Ozone (O₃) µg/m³,56.73358
Heraklion,2023-01-13 16:00:00,Ozone (O₃) µg/m³,52.828117
Heraklion,2023-01-14 00:00:00,Ozone (O₃) µg/m³,56.718254
Heraklion,2023-01-14 08:00:00,Ozone (O₃) µg/m³,74.4309
Heraklion,2023-01-14 16:00:00,Ozone (O₃) µg/m³,57.892227
Heraklion,2023-01-15 00:00:00,Ozone (O₃) µg/m³,47.393234
Heraklion,2023-01-15 08:00:00,Ozone (O₃) µg/m³,66.753494
Heraklion,2023-01-15 16:00:00,Ozone (O₃) µg/m³,55.047974
Heraklion,2023-01-16 00:00:00,Ozone (O₃) µg/m³,53.75704
Heraklion,2023-01-16 08:00:00,Ozone (O₃) µg/m³,62.95923
Heraklion,2023-01-16 16:00:00,Ozone (O₃) µg/m³,53.65224
Heraklion,2023-01-17 00:00:00,Ozone (O₃) µg/m³,67.05878
Heraklion,2023-01-17 08:00:00,Ozone (O₃) µg/m³,80.63661
Heraklion,2023-01-17 16:00:00,Ozone (O₃) µg/m³,79.091866
Heraklion,2023-01-18 00:00:00,Ozone (O₃) µg/m³,78.3598
Heraklion,2023-01-18 08:00:00,Ozone (O₃) µg/m³,82.67007
Heraklion,2023-01-18 16:00:00,Ozone (O₃) µg/m³,74.19217
Heraklion,2023-01-19 00:00:00,Ozone (O₃) µg/m³,74.680984
Heraklion,2023-01-19 08:00:00,Ozone (O₃) µg/m³,82.05625
Heraklion,2023-01-19 16:00:00,Ozone (O₃) µg/m³,82.29671
Heraklion,2023-01-20 00:00:00,Ozone (O₃) µg/m³,88.012405
Heraklion,2023-01-20 08:00:00,Ozone (O₃) µg/m³,75.08594
Heraklion,2023-01-20 16:00:00,Ozone (O₃) µg/m³,55.43876
Heraklion,2023-01-21 00:00:00,Ozone (O₃) µg/m³,53.615078
Heraklion,2023-01-21 08:00:00,Ozone (O₃) µg/m³,76.36603
Heraklion,2023-01-21 16:00:00,Ozone (O₃) µg/m³,69.97888
Heraklion,2023-01-22 00:00:00,Ozone (O₃) µg/m³,59.518494
Heraklion,2023-01-22 08:00:00,Ozone (O₃) µg/m³,79.36107
Heraklion,2023-01-22 16:00:00,Ozone (O₃) µg/m³,65.50899
Heraklion,2023-01-23 00:00:00,Ozone (O₃) µg/m³,59.216263
Heraklion,2023-01-23 08:00:00,Ozone (O₃) µg/m³,73.19006
Heraklion,2023-01-23 16:00:00,Ozone (O₃) µg/m³,58.660095
Heraklion,2023-01-24 00:00:00,Ozone (O₃) µg/m³,53.73851
Heraklion,2023-01-24 08:00:00,Ozone (O₃) µg/m³,75.05035
Heraklion,2023-01-24 16:00:00,Ozone (O₃) µg/m³,48.920616
Heraklion,2023-01-25 00:00:00,Ozone (O₃) µg/m³,49.679794
Heraklion,2023-01-25 08:00:00,Ozone (O₃) µg/m³,76.89661
Heraklion,2023-01-25 16:00:00,Ozone (O₃) µg/m³,58.62638
Heraklion,2023-01-26 00:00:00,Ozone (O₃) µg/m³,67.711205
Heraklion,2023-01-26 08:00:00,Ozone (O₃) µg/m³,82.552864
Heraklion,2023-01-26 16:00:00,Ozone (O₃) µg/m³,80.5101
Heraklion,2023-01-27 00:00:00,Ozone (O₃) µg/m³,58.97917
Heraklion,2023-01-27 08:00:00,Ozone (O₃) µg/m³,74.490654
Heraklion,2023-01-27 16:00:00,Ozone (O₃) µg/m³,71.81815
Heraklion,2023-01-28 00:00:00,Ozone (O₃) µg/m³,61.15178
Heraklion,2023-01-28 08:00:00,Ozone (O₃) µg/m³,72.27682
Heraklion,2023-01-28 16:00:00,Ozone (O₃) µg/m³,55.19506
Heraklion,2023-01-29 00:00:00,Ozone (O₃) µg/m³,52.157673
Heraklion,2023-01-29 08:00:00,Ozone (O₃) µg/m³,75.29102
Heraklion,2023-01-29 16:00:00,Ozone (O₃) µg/m³,66.311584
Heraklion,2023-01-30 00:00:00,Ozone (O₃) µg/m³,52.995396
Heraklion,2023-01-30 08:00:00,Ozone (O₃) µg/m³,65.667145
Heraklion,2023-01-30 16:00:00,Ozone (O₃) µg/m³,70.88661
Heraklion,2023-01-31 00:00:00,Ozone (O₃) µg/m³,61.85448
Heraklion,2023-01-31 08:00:00,Ozone (O₃) µg/m³,73.20055
Heraklion,2023-01-31 16:00:00,Ozone (O₃) µg/m³,69.754616
Igoumenitsa,2023-01-01 00:00:00,Ozone (O₃) µg/m³,34.667255
Igoumenitsa,2023-01-01 08:00:00,Ozone (O₃) µg/m³,52.340614
Igoumenitsa,2023-01-01 16:00:00,Ozone (O₃) µg/m³,43.620903
Igoumenitsa,2023-01-02 00:00:00,Ozone (O₃) µg/m³,36.377037
Igoumenitsa,2023-01-02 08:00:00,Ozone (O₃) µg/m³,53.627567
Igoumenitsa,2023-01-02 16:00:00,Ozone (O₃) µg/m³,44.707222
Igoumenitsa,2023-01-03 00:00:00,Ozone (O₃) µg/m³,41.70005
Igoumenitsa,2023-01-03 08:00:00,Ozone (O₃) µg/m³,50.0876
Igoumenitsa,2023-01-03 16:00:00,Ozone (O₃) µg/m³,43.516075
Igoumenitsa,2023-01-04 00:00:00,Ozone (O₃) µg/m³,39.62776
Igoumenitsa,2023-01-04 08:00:00,Ozone (O₃) µg/m³,53.53569
Igoumenitsa,2023-01-04 16:00:00,Ozone (O₃) µg/m³,45.767563
Igoumenitsa,2023-01-05 00:00:00,Ozone (O₃) µg/m³,34.976944
Igoumenitsa,2023-01-05 08:00:00,Ozone (O₃) µg/m³,53.203163
Igoumenitsa,2023-01-05 16:00:00,Ozone (O₃) µg/m³,45.746147
Igoumenitsa,2023-01-06 00:00:00,Ozone (O₃) µg/m³,41.44712
Igoumenitsa,2023-01-06 08:00:00,Ozone (O₃) µg/m³,55.455727
Igoumenitsa,2023-01-06 16:00:00,Ozone (O₃) µg/m³,45.800476
Igoumenitsa,2023-01-07 00:00:00,Ozone (O₃) µg/m³,31.948532
Igoumenitsa,2023-01-07 08:00:00,Ozone (O₃) µg/m³,52.037178
Igoumenitsa,2023-01-07 16:00:00,Ozone (O₃) µg/m³,46.499474
Igoumenitsa,2023-01-08 00:00:00,Ozone (O₃) µg/m³,37.975876
Igoumenitsa,2023-01-08 08:00:00,Ozone (O₃) µg/m³,63.070156
Igoumenitsa,2023-01-08 16:00:00,Ozone (O₃) µg/m³,55.22329
Igoumenitsa,2023-01-09 00:00:00,Ozone (O₃) µg/m³,46.60263
Igoumenitsa,2023-01-09 08:00:00,Ozone (O₃) µg/m³,59.59753
Igoumenitsa,2023-01-09 16:00:00,Ozone (O₃) µg/m³,77.27135
Igoumenitsa,2023-01-10 00:00:00,Ozone (O₃) µg/m³,65.7404
Igoumenitsa,2023-01-10 08:00:00,Ozone (O₃) µg/m³,68.8304
Igoumenitsa,2023-01-10 16:00:00,Ozone (O₃) µg/m³,51.56144
Igoumenitsa,2023-01-11 00:00:00,Ozone (O₃) µg/m³,38.83678
Igoumenitsa,2023-01-11 08:00:00,Ozone (O₃) µg/m³,52.940178
Igoumenitsa,2023-01-11 16:00:00,Ozone (O₃) µg/m³,41.577255
Igoumenitsa,2023-01-12 00:00:00,Ozone (O₃) µg/m³,27.592197
Igoumenitsa,2023-01-12 08:00:00,Ozone (O₃) µg/m³,44.770218
Igoumenitsa,2023-01-12 16:00:00,Ozone (O₃) µg/m³,39.394558
Igoumenitsa,2023-01-13 00:00:00,Ozone (O₃) µg/m³,33.14371
Igoumenitsa,2023-01-13 08:00:00,Ozone (O₃) µg/m³,52.45616
Igoumenitsa,2023-01-13 16:00:00,Ozone (O₃) µg/m³,46.38306
Igoumenitsa,2023-01-14 00:00:00,Ozone (O₃) µg/m³,39.39997
Igoumenitsa,2023-01-14 08:00:00,Ozone (O₃) µg/m³,52.600285
Igoumenitsa,2023-01-14 16:00:00,Ozone (O₃) µg/m³,44.41554
Igoumenitsa,2023-01-15 00:00:00,Ozone (O₃) µg/m³,33.81985
Igoumenitsa,2023-01-15 08:00:00,Ozone (O₃) µg/m³,58.04171
Igoumenitsa,2023-01-15 16:00:00,Ozone (O₃) µg/m³,52.385
Igoumenitsa,2023-01-16 00:00:00,Ozone (O₃) µg/m³,47.92779
Igoumenitsa,2023-01-16 08:00:00,Ozone (O₃) µg/m³,64.381134
Igoumenitsa,2023-01-16 16:00:00,Ozone (O₃) µg/m³,75.85954
Igoumenitsa,2023-01-17 00:00:00,Ozone (O₃) µg/m³,67.09923
Igoumenitsa,2023-01-17 08:00:00,Ozone (O₃) µg/m³,72.83913
Igoumenitsa,2023-01-17 16:00:00,Ozone (O₃) µg/m³,76.46625
Igoumenitsa,2023-01-18 00:00:00,Ozone (O₃) µg/m³,73.76858
Igoumenitsa,2023-01-18 08:00:00,Ozone (O₃) µg/m³,71.62417
Igoumenitsa,2023-01-18 16:00:00,Ozone (O₃) µg/m³,73.77362
Igoumenitsa,2023-01-19 00:00:00,Ozone (O₃) µg/m³,67.90619
Igoumenitsa,2023-01-19 08:00:00,Ozone (O₃) µg/m³,66.65765
Igoumenitsa,2023-01-19 16:00:00,Ozone (O₃) µg/m³,63.13829
Igoumenitsa,2023-01-20 00:00:00,Ozone (O₃) µg/m³,70.30612
Igoumenitsa,2023-01-20 08:00:00,Ozone (O₃) µg/m³,65.152435
Igoumenitsa,2023-01-20 16:00:00,Ozone (O₃) µg/m³,62.63507
Igoumenitsa,2023-01-21 00:00:00,Ozone (O₃) µg/m³,71.32061
Igoumenitsa,2023-01-21 08:00:00,Ozone (O₃) µg/m³,67.78822
Igoumenitsa,2023-01-21 16:00:00,Ozone (O₃) µg/m³,69.02688
Igoumenitsa,2023-01-22 00:00:00,Ozone (O₃) µg/m³,57.011284
Igoumenitsa,2023-01-22 08:00:00,Ozone (O₃) µg/m³,71.21382
Igoumenitsa,2023-01-22 16:00:00,Ozone (O₃) µg/m³,68.02888
Igoumenitsa,2023-01-23 00:00:00,Ozone (O₃) µg/m³,67.59009
Igoumenitsa,2023-01-23 08:00:00,Ozone (O₃) µg/m³,64.07933
Igoumenitsa,2023-01-23 16:00:00,Ozone (O₃) µg/m³,59.91229
Igoumenitsa,2023-01-24 00:00:00,Ozone (O₃) µg/m³,55.741966
Igoumenitsa,2023-01-24 08:00:00,Ozone (O₃) µg/m³,72.701836
Igoumenitsa,2023-01-24 16:00:00,Ozone (O₃) µg/m³,58.159767
Igoumenitsa,2023-01-25 00:00:00,Ozone (O₃) µg/m³,47.182533
Igoumenitsa,2023-01-25 08:00:00,Ozone (O₃) µg/m³,52.685257
Igoumenitsa,2023-01-25 16:00:00,Ozone (O₃) µg/m³,52.337696
Igoumenitsa,2023-01-26 00:00:00,Ozone (O₃) µg/m³,58.140274
Igoumenitsa,2023-01-26 08:00:00,Ozone (O₃) µg/m³,56.27353
Igoumenitsa,2023-01-26 16:00:00,Ozone (O₃) µg/m³,50.050354
Igoumenitsa,2023-01-27 00:00:00,Ozone (O₃) µg/m³,42.814007
Igoumenitsa,2023-01-27 08:00:00,Ozone (O₃) µg/m³,59.391285
Igoumenitsa,2023-01-27 16:00:00,Ozone (O₃) µg/m³,51.825317
Igoumenitsa,2023-01-28 00:00:00,Ozone (O₃) µg/m³,42.90212
Igoumenitsa,2023-01-28 08:00:00,Ozone (O₃) µg/m³,66.05087
Igoumenitsa,2023-01-28 16:00:00,Ozone (O₃) µg/m³,59.966446
Igoumenitsa,2023-01-29 00:00:00,Ozone (O₃) µg/m³,44.178062
Igoumenitsa,2023-01-29 08:00:00,Ozone (O₃) µg/m³,66.09589
Igoumenitsa,2023-01-29 16:00:00,Ozone (O₃) µg/m³,59.093987
Igoumenitsa,2023-01-30 00:00:00,Ozone (O₃) µg/m³,44.194084
Igoumenitsa,2023-01-30 08:00:00,Ozone (O₃) µg/m³,60.327152
Igoumenitsa,2023-01-30 16:00:00,Ozone (O₃) µg/m³,57.271156
Igoumenitsa,2023-01-31 00:00:00,Ozone (O₃) µg/m³,48.29056
Igoumenitsa,2023-01-31 08:00:00,Ozone (O₃) µg/m³,66.87152
Igoumenitsa,2023-01-31 16:00:00,Ozone (O₃) µg/m³,60.288628
Thessaloniki,2023-01-01 00:00:00,Ozone (O₃) µg/m³,33.21393
Thessaloniki,2023-01-01 08:00:00,Ozone (O₃) µg/m³,36.392265
Thessaloniki,2023-01-01 16:00:00,Ozone (O₃) µg/m³,21.081692
Thessaloniki,2023-01-02 00:00:00,Ozone (O₃) µg/m³,32.942406
Thessaloniki,2023-01-02 08:00:00,Ozone (O₃) µg/m³,37.3923
Thessaloniki,2023-01-02 16:00:00,Ozone (O₃) µg/m³,16.61866
Thessaloniki,2023-01-03 00:00:00,Ozone (O₃) µg/m³,37.819756
Thessaloniki,2023-01-03 08:00:00,Ozone (O₃) µg/m³,35.75281
Thessaloniki,2023-01-03 16:00:00,Ozone (O₃) µg/m³,25.906984
Thessaloniki,2023-01-04 00:00:00,Ozone (O₃) µg/m³,38.04104
Thessaloniki,2023-01-04 08:00:00,Ozone (O₃) µg/m³,43.998756
Thessaloniki,2023-01-04 16:00:00,Ozone (O₃) µg/m³,28.34845
Thessaloniki,2023-01-05 00:00:00,Ozone (O₃) µg/m³,28.927464
Thessaloniki,2023-01-05 08:00:00,Ozone (O₃) µg/m³,31.85132
Thessaloniki,2023-01-05 16:00:00,Ozone (O₃) µg/m³,22.396637
Thessaloniki,2023-01-06 00:00:00,Ozone (O₃) µg/m³,42.30135
Thessaloniki,2023-01-06 08:00:00,Ozone (O₃) µg/m³,50.354782
Thessaloniki,2023-01-06 16:00:00,Ozone (O₃) µg/m³,46.29873
Thessaloniki,2023-01-07 00:00:00,Ozone (O₃) µg/m³,41.435654
Thessaloniki,2023-01-07 08:00:00,Ozone (O₃) µg/m³,45.348015
Thessaloniki,2023-01-07 16:00:00,Ozone (O₃) µg/m³,29.339756
Thessaloniki,2023-01-08 00:00:00,Ozone (O₃) µg/m³,43.46503
Thessaloniki,2023-01-08 08:00:00,Ozone (O₃) µg/m³,48.408257
Thessaloniki,2023-01-08 16:00:00,Ozone (O₃) µg/m³,38.895813
Thessaloniki,2023-01-09 00:00:00,Ozone (O₃) µg/m³,40.576675
Thessaloniki,2023-01-09 08:00:00,Ozone (O₃) µg/m³,38.319447
Thessaloniki,2023-01-09 16:00:00,Ozone (O₃) µg/m³,51.816536
Thessaloniki,2023-01-10 00:00:00,Ozone (O₃) µg/m³,60.29382
Thessaloniki,2023-01-10 08:00:00,Ozone (O₃) µg/m³,41.41835
Thessaloniki,2023-01-10 16:00:00,Ozone (O₃) µg/m³,27.46976
Thessaloniki,2023-01-11 00:00:00,Ozone (O₃) µg/m³,38.045013
Thessaloniki,2023-01-11 08:00:00,Ozone (O₃) µg/m³,36.97371
Thessaloniki,2023-01-11 16:00:00,Ozone (O₃) µg/m³,30.190697
Thessaloniki,2023-01-12 00:00:00,Ozone (O₃) µg/m³,26.810204
Thessaloniki,2023-01-12 08:00:00,Ozone (O₃) µg/m³,39.56485
Thessaloniki,2023-01-12 16:00:00,Ozone (O₃) µg/m³,28.337801
Thessaloniki,2023-01-13 00:00:00,Ozone (O₃) µg/m³,26.297792
Thessaloniki,2023-01-13 08:00:00,Ozone (O₃) µg/m³,32.744263
Thessaloniki,2023-01-13 16:00:00,Ozone (O₃) µg/m³,24.184147
Thessaloniki,2023-01-14 00:00:00,Ozone (O₃) µg/m³,30.321259
Thessaloniki,2023-01-14 08:00:00,Ozone (O₃) µg/m³,28.952314
Thessaloniki,2023-01-14 16:00:00,Ozone (O₃) µg/m³,31.518127
Thessaloniki,2023-01-15 00:00:00,Ozone (O₃) µg/m³,33.67319
Thessaloniki,2023-01-15 08:00:00,Ozone (O₃) µg/m³,39.55739
Thessaloniki,2023-01-15 16:00:00,Ozone (O₃) µg/m³,27.354076
Thessaloniki,2023-01-16 00:00:00,Ozone (O₃) µg/m³,37.22593
Thessaloniki,2023-01-16 08:00:00,Ozone (O₃) µg/m³,45.78289
Thessaloniki,2023-01-16 16:00:00,Ozone (O₃) µg/m³,49.775475
Thessaloniki,2023-01-17 00:00:00,Ozone (O₃) µg/m³,56.18843
Thessaloniki,2023-01-17 08:00:00,Ozone (O₃) µg/m³,60.791298
Thessaloniki,2023-01-17 16:00:00,Ozone (O₃) µg/m³,66.01813
Thessaloniki,2023-01-18 00:00:00,Ozone (O₃) µg/m³,72.021774
Thessaloniki,2023-01-18 08:00:00,Ozone (O₃) µg/m³,68.23042
Thessaloniki,2023-01-18 16:00:00,Ozone (O₃) µg/m³,68.63678
Thessaloniki,2023-01-19 00:00:00,Ozone (O₃) µg/m³,67.83006
Thessaloniki,2023-01-19 08:00:00,Ozone (O₃) µg/m³,65.10926
Thessaloniki,2023-01-19 16:00:00,Ozone (O₃) µg/m³,70.70393
Thessaloniki,2023-01-20 00:00:00,Ozone (O₃) µg/m³,68.49631
Thessaloniki,2023-01-20 08:00:00,Ozone (O₃) µg/m³,61.440636
Thessaloniki,2023-01-20 16:00:00,Ozone (O₃) µg/m³,47.41504
Thessaloniki,2023-01-21 00:00:00,Ozone (O₃) µg/m³,58.81627
Thessaloniki,2023-01-21 08:00:00,Ozone (O₃) µg/m³,64.38315
Thessaloniki,2023-01-21 16:00:00,Ozone (O₃) µg/m³,53.78826
Thessaloniki,2023-01-22 00:00:00,Ozone (O₃) µg/m³,50.306534
Thessaloniki,2023-01-22 08:00:00,Ozone (O₃) µg/m³,56.304264
Thessaloniki,2023-01-22 16:00:00,Ozone (O₃) µg/m³,60.101463
Thessaloniki,2023-01-23 00:00:00,Ozone (O₃) µg/m³,68.70368
Thessaloniki,2023-01-23 08:00:00,Ozone (O₃) µg/m³,64.628
Thessaloniki,2023-01-23 16:00:00,Ozone (O₃) µg/m³,68.37388
Thessaloniki,2023-01-24 00:00:00,Ozone (O₃) µg/m³,62.85978
Thessaloniki,2023-01-24 08:00:00,Ozone (O₃) µg/m³,53.11957
Thessaloniki,2023-01-24 16:00:00,Ozone (O₃) µg/m³,41.528008
Thessaloniki,2023-01-25 00:00:00,Ozone (O₃) µg/m³,44.503956
Thessaloniki,2023-01-25 08:00:00,Ozone (O₃) µg/m³,45.205963
Thessaloniki,2023-01-25 16:00:00,Ozone (O₃) µg/m³,42.800957
Thessaloniki,2023-01-26 00:00:00,Ozone (O₃) µg/m³,45.147076
Thessaloniki,2023-01-26 08:00:00,Ozone (O₃) µg/m³,42.939312
Thessaloniki,2023-01-26 16:00:00,Ozone (O₃) µg/m³,36.91278
Thessaloniki,2023-01-27 00:00:00,Ozone (O₃) µg/m³,33.02868
Thessaloniki,2023-01-27 08:00:00,Ozone (O₃) µg/m³,26.742725
Thessaloniki,2023-01-27 16:00:00,Ozone (O₃) µg/m³,29.241217
Thessaloniki,2023-01-28 00:00:00,Ozone (O₃) µg/m³,30.791847
Thessaloniki,2023-01-28 08:00:00,Ozone (O₃) µg/m³,42.544174
Thessaloniki,2023-01-28 16:00:00,Ozone (O₃) µg/m³,39.103127
Thessaloniki,2023-01-29 00:00:00,Ozone (O₃) µg/m³,32.642956
Thessaloniki,2023-01-29 08:00:00,Ozone (O₃) µg/m³,41.85697
Thessaloniki,2023-01-29 16:00:00,Ozone (O₃) µg/m³,36.09807
Thessaloniki,2023-01-30 00:00:00,Ozone (O₃) µg/m³,32.340015
Thessaloniki,2023-01-30 08:00:00,Ozone (O₃) µg/m³,55.6893
Thessaloniki,2023-01-30 16:00:00,Ozone (O₃) µg/m³,33.974598
Thessaloniki,2023-01-31 00:00:00,Ozone (O₃) µg/m³,42.910286
Thessaloniki,2023-01-31 08:00:00,Ozone (O₃) µg/m³,56.550056
Thessaloniki,2023-01-31 16:00:00,Ozone (O₃) µg/m³,48.171352
Ioannina,2023-01-01 00:00:00,Ozone (O₃) µg/m³,41.091766
Ioannina,2023-01-01 08:00:00,Ozone (O₃) µg/m³,52.9467
Ioannina,2023-01-01 16:00:00,Ozone (O₃) µg/m³,40.797516
Ioannina,2023-01-02 00:00:00,Ozone (O₃) µg/m³,43.477554
Ioannina,2023-01-02 08:00:00,Ozone (O₃) µg/m³,51.963566
Ioannina,2023-01-02 16:00:00,Ozone (O₃) µg/m³,27.861137
Ioannina,2023-01-03 00:00:00,Ozone (O₃) µg/m³,42.657837
Ioannina,2023-01-03 08:00:00,Ozone (O₃) µg/m³,50.5197
Ioannina,2023-01-03 16:00:00,Ozone (O₃) µg/m³,33.26431
Ioannina,2023-01-04 00:00:00,Ozone (O₃) µg/m³,37.728447
Ioannina,2023-01-04 08:00:00,Ozone (O₃) µg/m³,50.958153
Ioannina,2023-01-04 16:00:00,Ozone (O₃) µg/m³,30.067362
Ioannina,2023-01-05 00:00:00,Ozone (O₃) µg/m³,38.78813
Ioannina,2023-01-05 08:00:00,Ozone (O₃) µg/m³,56.278576
Ioannina,2023-01-05 16:00:00,Ozone (O₃) µg/m³,36.372246
Ioannina,2023-01-06 00:00:00,Ozone (O₃) µg/m³,39.463387
Ioannina,2023-01-06 08:00:00,Ozone (O₃) µg/m³,55.024597
Ioannina,2023-01-06 16:00:00,Ozone (O₃) µg/m³,37.08886
Ioannina,2023-01-07 00:00:00,Ozone (O₃) µg/m³,39.579697
Ioannina,2023-01-07 08:00:00,Ozone (O₃) µg/m³,58.490158
Ioannina,2023-01-07 16:00:00,Ozone (O₃) µg/m³,41.91516
Ioannina,2023-01-08 00:00:00,Ozone (O₃) µg/m³,44.36151
Ioannina,2023-01-08 08:00:00,Ozone (O₃) µg/m³,59.07021
Ioannina,2023-01-08 16:00:00,Ozone (O₃) µg/m³,46.316578
Ioannina,2023-01-09 00:00:00,Ozone (O₃) µg/m³,47.0813
Ioannina,2023-01-09 08:00:00,Ozone (O₃) µg/m³,54.600334
Ioannina,2023-01-09 16:00:00,Ozone (O₃) µg/m³,52.524864
Ioannina,2023-01-10 00:00:00,Ozone (O₃) µg/m³,57.3945
Ioannina,2023-01-10 08:00:00,Ozone (O₃) µg/m³,57.38989
Ioannina,2023-01-10 16:00:00,Ozone (O₃) µg/m³,36.092773
Ioannina,2023-01-11 00:00:00,Ozone (O₃) µg/m³,33.597168
Ioannina,2023-01-11 08:00:00,Ozone (O₃) µg/m³,48.847015
Ioannina,2023-01-11 16:00:00,Ozone (O₃) µg/m³,29.183512
Ioannina,2023-01-12 00:00:00,Ozone (O₃) µg/m³,27.077515
Ioannina,2023-01-12 08:00:00,Ozone (O₃) µg/m³,48.813564
Ioannina,2023-01-12 16:00:00,Ozone (O₃) µg/m³,30.464853
Ioannina,2023-01-13 00:00:00,Ozone (O₃) µg/m³,32.076477
Ioannina,2023-01-13 08:00:00,Ozone (O₃) µg/m³,57.49773
Ioannina,2023-01-13 16:00:00,Ozone (O₃) µg/m³,40.300865
Ioannina,2023-01-14 00:00:00,Ozone (O₃) µg/m³,41.230232
Ioannina,2023-01-14 08:00:00,Ozone (O₃) µg/m³,57.152607
Ioannina,2023-01-14 16:00:00,Ozone (O₃) µg/m³,35.71971
Ioannina,2023-01-15 00:00:00,Ozone (O₃) µg/m³,36.597275
Ioannina,2023-01-15 08:00:00,Ozone (O₃) µg/m³,58.376
Ioannina,2023-01-15 16:00:00,Ozone (O₃) µg/m³,45.890198
Ioannina,2023-01-16 00:00:00,Ozone (O₃) µg/m³,42.818764
Ioannina,2023-01-16 08:00:00,Ozone (O₃) µg/m³,57.71338
Ioannina,2023-01-16 16:00:00,Ozone (O₃) µg/m³,62.60849
Ioannina,2023-01-17 00:00:00,Ozone (O₃) µg/m³,63.86697
Ioannina,2023-01-17 08:00:00,Ozone (O₃) µg/m³,60.533707
Ioannina,2023-01-17 16:00:00,Ozone (O₃) µg/m³,64.03183
Ioannina,2023-01-18 00:00:00,Ozone (O₃) µg/m³,64.25328
Ioannina,2023-01-18 08:00:00,Ozone (O₃) µg/m³,66.412704
Ioannina,2023-01-18 16:00:00,Ozone (O₃) µg/m³,64.66803
Ioannina,2023-01-19 00:00:00,Ozone (O₃) µg/m³,62.62482
Ioannina,2023-01-19 08:00:00,Ozone (O₃) µg/m³,63.728134
Ioannina,2023-01-19 16:00:00,Ozone (O₃) µg/m³,57.397717
Ioannina,2023-01-20 00:00:00,Ozone (O₃) µg/m³,59.555664
Ioannina,2023-01-20 08:00:00,Ozone (O₃) µg/m³,59.90159
Ioannina,2023-01-20 16:00:00,Ozone (O₃) µg/m³,57.310265
Ioannina,2023-01-21 00:00:00,Ozone (O₃) µg/m³,61.087715
Ioannina,2023-01-21 08:00:00,Ozone (O₃) µg/m³,65.97429
Ioannina,2023-01-21 16:00:00,Ozone (O₃) µg/m³,54.31791
Ioannina,2023-01-22 00:00:00,Ozone (O₃) µg/m³,51.00403
Ioannina,2023-01-22 08:00:00,Ozone (O₃) µg/m³,71.989944
Ioannina,2023-01-22 16:00:00,Ozone (O₃) µg/m³,59.698227
Ioannina,2023-01-23 00:00:00,Ozone (O₃) µg/m³,60.38723
Ioannina,2023-01-23 08:00:00,Ozone (O₃) µg/m³,65.07413
Ioannina,2023-01-23 16:00:00,Ozone (O₃) µg/m³,59.34554
Ioannina,2023-01-24 00:00:00,Ozone (O₃) µg/m³,55.02444
Ioannina,2023-01-24 08:00:00,Ozone (O₃) µg/m³,71.22565
Ioannina,2023-01-24 16:00:00,Ozone (O₃) µg/m³,42.927864
Ioannina,2023-01-25 00:00:00,Ozone (O₃) µg/m³,40.548214
Ioannina,2023-01-25 08:00:00,Ozone (O₃) µg/m³,49.68688
Ioannina,2023-01-25 16:00:00,Ozone (O₃) µg/m³,43.1084
Ioannina,2023-01-26 00:00:00,Ozone (O₃) µg/m³,42.727573
Ioannina,2023-01-26 08:00:00,Ozone (O₃) µg/m³,42.863686
Ioannina,2023-01-26 16:00:00,Ozone (O₃) µg/m³,40.678772
Ioannina,2023-01-27 00:00:00,Ozone (O₃) µg/m³,47.14027
Ioannina,2023-01-27 08:00:00,Ozone (O₃) µg/m³,54.681007
Ioannina,2023-01-27 16:00:00,Ozone (O₃) µg/m³,43.470337
Ioannina,2023-01-28 00:00:00,Ozone (O₃) µg/m³,48.912804
Ioannina,2023-01-28 08:00:00,Ozone (O₃) µg/m³,65.96617
Ioannina,2023-01-28 16:00:00,Ozone (O₃) µg/m³,53.791756
Ioannina,2023-01-29 00:00:00,Ozone (O₃) µg/m³,46.871742
Ioannina,2023-01-29 08:00:00,Ozone (O₃) µg/m³,65.29553
Ioannina,2023-01-29 16:00:00,Ozone (O₃) µg/m³,53.13701
Ioannina,2023-01-30 00:00:00,Ozone (O₃) µg/m³,49.29933
Ioannina,2023-01-30 08:00:00,Ozone (O₃) µg/m³,65.00443
Ioannina,2023-01-30 16:00:00,Ozone (O₃) µg/m³,42.870422
Ioannina,2023-01-31 00:00:00,Ozone (O₃) µg/m³,44.25647
Ioannina,2023-01-31 08:00:00,Ozone (O₃) µg/m³,65.932686
Ioannina,2023-01-31 16:00:00,Ozone (O₃) µg/m³,53.985023
Kavala,2023-01-01 00:00:00,Ozone (O₃) µg/m³,37.91916
Kavala,2023-01-01 08:00:00,Ozone (O₃) µg/m³,38.325615
Kavala,2023-01-01 16:00:00,Ozone (O₃) µg/m³,32.89604
Kavala,2023-01-02 00:00:00,Ozone (O₃) µg/m³,40.675793
Kavala,2023-01-02 08:00:00,Ozone (O₃) µg/m³,40.251205
Kavala,2023-01-02 16:00:00,Ozone (O₃) µg/m³,34.069355
Kavala,2023-01-03 00:00:00,Ozone (O₃) µg/m³,36.31674
Kavala,2023-01-03 08:00:00,Ozone (O₃) µg/m³,41.340836
Kavala,2023-01-03 16:00:00,Ozone (O₃) µg/m³,36.74271
Kavala,2023-01-04 00:00:00,Ozone (O₃) µg/m³,43.76723
Kavala,2023-01-04 08:00:00,Ozone (O₃) µg/m³,45.91976
Kavala,2023-01-04 16:00:00,Ozone (O₃) µg/m³,33.019066
Kavala,2023-01-05 00:00:00,Ozone (O₃) µg/m³,32.149982
Kavala,2023-01-05 08:00:00,Ozone (O₃) µg/m³,43.686478
Kavala,2023-01-05 16:00:00,Ozone (O₃) µg/m³,43.873947
Kavala,2023-01-06 00:00:00,Ozone (O₃) µg/m³,47.39203
Kavala,2023-01-06 08:00:00,Ozone (O₃) µg/m³,40.54885
Kavala,2023-01-06 16:00:00,Ozone (O₃) µg/m³,42.349888
Kavala,2023-01-07 00:00:00,Ozone (O₃) µg/m³,42.58859
Kavala,2023-01-07 08:00:00,Ozone (O₃) µg/m³,51.254993
Kavala,2023-01-07 16:00:00,Ozone (O₃) µg/m³,49.32955
Kavala,2023-01-08 00:00:00,Ozone (O₃) µg/m³,57.282425
Kavala,2023-01-08 08:00:00,Ozone (O₃) µg/m³,48.396515
Kavala,2023-01-08 16:00:00,Ozone (O₃) µg/m³,50.01293
Kavala,2023-01-09 00:00:00,Ozone (O₃) µg/m³,40.351448
Kavala,2023-01-09 08:00:00,Ozone (O₃) µg/m³,41.210274
Kavala,2023-01-09 16:00:00,Ozone (O₃) µg/m³,42.80799
Kavala,2023-01-10 00:00:00,Ozone (O₃) µg/m³,56.940174
Kavala,2023-01-10 08:00:00,Ozone (O₃) µg/m³,70.86566
Kavala,2023-01-10 16:00:00,Ozone (O₃) µg/m³,56.81656
Kavala,2023-01-11 00:00:00,Ozone (O₃) µg/m³,56.13388
Kavala,2023-01-11 08:00:00,Ozone (O₃) µg/m³,53.723408
Kavala,2023-01-11 16:00:00,Ozone (O₃) µg/m³,44.823227
Kavala,2023-01-12 00:00:00,Ozone (O₃) µg/m³,31.438337
Kavala,2023-01-12 08:00:00,Ozone (O₃) µg/m³,38.174316
Kavala,2023-01-12 16:00:00,Ozone (O₃) µg/m³,27.809772
Kavala,2023-01-13 00:00:00,Ozone (O₃) µg/m³,24.23092
Kavala,2023-01-13 08:00:00,Ozone (O₃) µg/m³,29.76352
Kavala,2023-01-13 16:00:00,Ozone (O₃) µg/m³,30.136036
Kavala,2023-01-14 00:00:00,Ozone (O₃) µg/m³,38.928566
Kavala,2023-01-14 08:00:00,Ozone (O₃) µg/m³,40.054893
Kavala,2023-01-14 16:00:00,Ozone (O₃) µg/m³,37.907574
Kavala,2023-01-15 00:00:00,Ozone (O₃) µg/m³,39.263325
Kavala,2023-01-15 08:00:00,Ozone (O₃) µg/m³,44.98289
Kavala,2023-01-15 16:00:00,Ozone (O₃) µg/m³,52.677765
Kavala,2023-01-16 00:00:00,Ozone (O₃) µg/m³,42.794666
Kavala,2023-01-16 08:00:00,Ozone (O₃) µg/m³,51.622734
Kavala,2023-01-16 16:00:00,Ozone (O₃) µg/m³,63.83805
Kavala,2023-01-17 00:00:00,Ozone (O₃) µg/m³,64.70003
Kavala,2023-01-17 08:00:00,Ozone (O₃) µg/m³,69.47467
Kavala,2023-01-17 16:00:00,Ozone (O₃) µg/m³,71.07428
Kavala,2023-01-18 00:00:00,Ozone (O₃) µg/m³,75.986
Kavala,2023-01-18 08:00:00,Ozone (O₃) µg/m³,73.963425
Kavala,2023-01-18 16:00:00,Ozone (O₃) µg/m³,73.564575
Kavala,2023-01-19 00:00:00,Ozone (O₃) µg/m³,65.22421
Kavala,2023-01-19 08:00:00,Ozone (O₃) µg/m³,73.522255
Kavala,2023-01-19 16:00:00,Ozone (O₃) µg/m³,77.578735
Kavala,2023-01-20 00:00:00,Ozone (O₃) µg/m³,79.9512
Kavala,2023-01-20 08:00:00,Ozone (O₃) µg/m³,73.3215
Kavala,2023-01-20 16:00:00,Ozone (O₃) µg/m³,63.000137
Kavala,2023-01-21 00:00:00,Ozone (O₃) µg/m³,62.37008
Kavala,2023-01-21 08:00:00,Ozone (O₃) µg/m³,74.52139
Kavala,2023-01-21 16:00:00,Ozone (O₃) µg/m³,78.05821
Kavala,2023-01-22 00:00:00,Ozone (O₃) µg/m³,64.67649
Kavala,2023-01-22 08:00:00,Ozone (O₃) µg/m³,69.08481
Kavala,2023-01-22 16:00:00,Ozone (O₃) µg/m³,67.51716
Kavala,2023-01-23 00:00:00,Ozone (O₃) µg/m³,66.80477
Kavala,2023-01-23 08:00:00,Ozone (O₃) µg/m³,56.274185
Kavala,2023-01-23 16:00:00,Ozone (O₃) µg/m³,55.635643
Kavala,2023-01-24 00:00:00,Ozone (O₃) µg/m³,54.249306
Kavala,2023-01-24 08:00:00,Ozone (O₃) µg/m³,54.88674
Kavala,2023-01-24 16:00:00,Ozone (O₃) µg/m³,38.232197
Kavala,2023-01-25 00:00:00,Ozone (O₃) µg/m³,40.236248
Kavala,2023-01-25 08:00:00,Ozone (O₃) µg/m³,39.49384
Kavala,2023-01-25 16:00:00,Ozone (O₃) µg/m³,40.804043
Kavala,2023-01-26 00:00:00,Ozone (O₃) µg/m³,54.716442
Kavala,2023-01-26 08:00:00,Ozone (O₃) µg/m³,55.81498
Kavala,2023-01-26 16:00:00,Ozone (O₃) µg/m³,55.05397
Kavala,2023-01-27 00:00:00,Ozone (O₃) µg/m³,50.745274
Kavala,2023-01-27 08:00:00,Ozone (O₃) µg/m³,47.5924
Kavala,2023-01-27 16:00:00,Ozone (O₃) µg/m³,46.773354
Kavala,2023-01-28 00:00:00,Ozone (O₃) µg/m³,42.32904
Kavala,2023-01-28 08:00:00,Ozone (O₃) µg/m³,42.825333
Kavala,2023-01-28 16:00:00,Ozone (O₃) µg/m³,41.755657
Kavala,2023-01-29 00:00:00,Ozone (O₃) µg/m³,39.69671
Kavala,2023-01-29 08:00:00,Ozone (O₃) µg/m³,47.44986
Kavala,2023-01-29 16:00:00,Ozone (O₃) µg/m³,46.798973
Kavala,2023-01-30 00:00:00,Ozone (O₃) µg/m³,44.201523
Kavala,2023-01-30 08:00:00,Ozone (O₃) µg/m³,47.862885
Kavala,2023-01-30 16:00:00,Ozone (O₃) µg/m³,53.15341
Kavala,2023-01-31 00:00:00,Ozone (O₃) µg/m³,48.537323
Kavala,2023-01-31 08:00:00,Ozone (O₃) µg/m³,60.655064
Kavala,2023-01-31 16:00:00,Ozone (O₃) µg/m³,48.097317
Karditsa,2023-01-01 00:00:00,Ozone (O₃) µg/m³,29.598776
Karditsa,2023-01-01 08:00:00,Ozone (O₃) µg/m³,45.078205
Karditsa,2023-01-01 16:00:00,Ozone (O₃) µg/m³,32.338924
Karditsa,2023-01-02 00:00:00,Ozone (O₃) µg/m³,34.793198
Karditsa,2023-01-02 08:00:00,Ozone (O₃) µg/m³,48.389618
Karditsa,2023-01-02 16:00:00,Ozone (O₃) µg/m³,26.160221
Karditsa,2023-01-03 00:00:00,Ozone (O₃) µg/m³,29.103687
Karditsa,2023-01-03 08:00:00,Ozone (O₃) µg/m³,41.55793
Karditsa,2023-01-03 16:00:00,Ozone (O₃) µg/m³,23.988714
Karditsa,2023-01-04 00:00:00,Ozone (O₃) µg/m³,24.077103
Karditsa,2023-01-04 08:00:00,Ozone (O₃) µg/m³,43.59735
Karditsa,2023-01-04 16:00:00,Ozone (O₃) µg/m³,20.459137
Karditsa,2023-01-05 00:00:00,Ozone (O₃) µg/m³,20.351562
Karditsa,2023-01-05 08:00:00,Ozone (O₃) µg/m³,42.70792
Karditsa,2023-01-05 16:00:00,Ozone (O₃) µg/m³,34.809475
Karditsa,2023-01-06 00:00:00,Ozone (O₃) µg/m³,36.965816
Karditsa,2023-01-06 08:00:00,Ozone (O₃) µg/m³,51.42569
Karditsa,2023-01-06 16:00:00,Ozone (O₃) µg/m³,28.358265
Karditsa,2023-01-07 00:00:00,Ozone (O₃) µg/m³,23.598696
Karditsa,2023-01-07 08:00:00,Ozone (O₃) µg/m³,47.317627
Karditsa,2023-01-07 16:00:00,Ozone (O₃) µg/m³,31.312895
Karditsa,2023-01-08 00:00:00,Ozone (O₃) µg/m³,24.835438
Karditsa,2023-01-08 08:00:00,Ozone (O₃) µg/m³,47.731644
Karditsa,2023-01-08 16:00:00,Ozone (O₃) µg/m³,30.581732
Karditsa,2023-01-09 00:00:00,Ozone (O₃) µg/m³,29.744118
Karditsa,2023-01-09 08:00:00,Ozone (O₃) µg/m³,47.528435
Karditsa,2023-01-09 16:00:00,Ozone (O₃) µg/m³,30.349771
Karditsa,2023-01-10 00:00:00,Ozone (O₃) µg/m³,44.48165
Karditsa,2023-01-10 08:00:00,Ozone (O₃) µg/m³,55.300507
Karditsa,2023-01-10 16:00:00,Ozone (O₃) µg/m³,44.84189
Karditsa,2023-01-11 00:00:00,Ozone (O₃) µg/m³,33.9999
Karditsa,2023-01-11 08:00:00,Ozone (O₃) µg/m³,48.666824
Karditsa,2023-01-11 16:00:00,Ozone (O₃) µg/m³,24.245712
Karditsa,2023-01-12 00:00:00,Ozone (O₃) µg/m³,19.877623
Karditsa,2023-01-12 08:00:00,Ozone (O₃) µg/m³,42.987465
Karditsa,2023-01-12 16:00:00,Ozone (O₃) µg/m³,24.71591
Karditsa,2023-01-13 00:00:00,Ozone (O₃) µg/m³,21.886023
Karditsa,2023-01-13 08:00:00,Ozone (O₃) µg/m³,52.1587
Karditsa,2023-01-13 16:00:00,Ozone (O₃) µg/m³,29.11532
Karditsa,2023-01-14 00:00:00,Ozone (O₃) µg/m³,23.036179
Karditsa,2023-01-14 08:00:00,Ozone (O₃) µg/m³,46.338768
Karditsa,2023-01-14 16:00:00,Ozone (O₃) µg/m³,27.348831
Karditsa,2023-01-15 00:00:00,Ozone (O₃) µg/m³,22.032436
Karditsa,2023-01-15 08:00:00,Ozone (O₃) µg/m³,49.624683
Karditsa,2023-01-15 16:00:00,Ozone (O₃) µg/m³,27.373604
Karditsa,2023-01-16 00:00:00,Ozone (O₃) µg/m³,25.889175
Karditsa,2023-01-16 08:00:00,Ozone (O₃) µg/m³,46.77973
Karditsa,2023-01-16 16:00:00,Ozone (O₃) µg/m³,33.970314
Karditsa,2023-01-17 00:00:00,Ozone (O₃) µg/m³,48.01407
Karditsa,2023-01-17 08:00:00,Ozone (O₃) µg/m³,60.855198
Karditsa,2023-01-17 16:00:00,Ozone (O₃) µg/m³,64.29316
Karditsa,2023-01-18 00:00:00,Ozone (O₃) µg/m³,63.832916
Karditsa,2023-01-18 08:00:00,Ozone (O₃) µg/m³,71.36714
Karditsa,2023-01-18 16:00:00,Ozone (O₃) µg/m³,65.46601
Karditsa,2023-01-19 00:00:00,Ozone (O₃) µg/m³,59.581966
Karditsa,2023-01-19 08:00:00,Ozone (O₃) µg/m³,70.16641
Karditsa,2023-01-19 16:00:00,Ozone (O₃) µg/m³,54.213493
Karditsa,2023-01-20 00:00:00,Ozone (O₃) µg/m³,55.325665
Karditsa,2023-01-20 08:00:00,Ozone (O₃) µg/m³,64.89342
Karditsa,2023-01-20 16:00:00,Ozone (O₃) µg/m³,49.300446
Karditsa,2023-01-21 00:00:00,Ozone (O₃) µg/m³,48.709526
Karditsa,2023-01-21 08:00:00,Ozone (O₃) µg/m³,66.87695
Karditsa,2023-01-21 16:00:00,Ozone (O₃) µg/m³,55.432655
Karditsa,2023-01-22 00:00:00,Ozone (O₃) µg/m³,34.75975
Karditsa,2023-01-22 08:00:00,Ozone (O₃) µg/m³,61.503033
Karditsa,2023-01-22 16:00:00,Ozone (O₃) µg/m³,40.41855
Karditsa,2023-01-23 00:00:00,Ozone (O₃) µg/m³,30.184185
Karditsa,2023-01-23 08:00:00,Ozone (O₃) µg/m³,54.41075
Karditsa,2023-01-23 16:00:00,Ozone (O₃) µg/m³,37.393436
Karditsa,2023-01-24 00:00:00,Ozone (O₃) µg/m³,32.434113
Karditsa,2023-01-24 08:00:00,Ozone (O₃) µg/m³,57.980072
Karditsa,2023-01-24 16:00:00,Ozone (O₃) µg/m³,46.55109
Karditsa,2023-01-25 00:00:00,Ozone (O₃) µg/m³,40.938667
Karditsa,2023-01-25 08:00:00,Ozone (O₃) µg/m³,42.928818
Karditsa,2023-01-25 16:00:00,Ozone (O₃) µg/m³,38.47736
Karditsa,2023-01-26 00:00:00,Ozone (O₃) µg/m³,42.250404
Karditsa,2023-01-26 08:00:00,Ozone (O₃) µg/m³,45.827282
Karditsa,2023-01-26 16:00:00,Ozone (O₃) µg/m³,32.394386
Karditsa,2023-01-27 00:00:00,Ozone (O₃) µg/m³,39.01432
Karditsa,2023-01-27 08:00:00,Ozone (O₃) µg/m³,48.837822
Karditsa,2023-01-27 16:00:00,Ozone (O₃) µg/m³,34.59991
Karditsa,2023-01-28 00:00:00,Ozone (O₃) µg/m³,27.420765
Karditsa,2023-01-28 08:00:00,Ozone (O₃) µg/m³,49.536617
Karditsa,2023-01-28 16:00:00,Ozone (O₃) µg/m³,35.99562
Karditsa,2023-01-29 00:00:00,Ozone (O₃) µg/m³,25.239857
Karditsa,2023-01-29 08:00:00,Ozone (O₃) µg/m³,54.92194
Karditsa,2023-01-29 16:00:00,Ozone (O₃) µg/m³,40.782394
Karditsa,2023-01-30 00:00:00,Ozone (O₃) µg/m³,33.96335
Karditsa,2023-01-30 08:00:00,Ozone (O₃) µg/m³,56.131065
Karditsa,2023-01-30 16:00:00,Ozone (O₃) µg/m³,38.763275
Karditsa,2023-01-31 00:00:00,Ozone (O₃) µg/m³,39.798874
Karditsa,2023-01-31 08:00:00,Ozone (O₃) µg/m³,55.24916
Karditsa,2023-01-31 16:00:00,Ozone (O₃) µg/m³,45.843582
Kastoria,2023-01-01 00:00:00,Ozone (O₃) µg/m³,43.166027
Kastoria,2023-01-01 08:00:00,Ozone (O₃) µg/m³,55.40812
Kastoria,2023-01-01 16:00:00,Ozone (O₃) µg/m³,45.32425
Kastoria,2023-01-02 00:00:00,Ozone (O₃) µg/m³,43.134094
Kastoria,2023-01-02 08:00:00,Ozone (O₃) µg/m³,55.188248
Kastoria,2023-01-02 16:00:00,Ozone (O₃) µg/m³,45.651875
Kastoria,2023-01-03 00:00:00,Ozone (O₃) µg/m³,42.305717
Kastoria,2023-01-03 08:00:00,Ozone (O₃) µg/m³,56.08553
Kastoria,2023-01-03 16:00:00,Ozone (O₃) µg/m³,46.470383
Kastoria,2023-01-04 00:00:00,Ozone (O₃) µg/m³,44.733368
Kastoria,2023-01-04 08:00:00,Ozone (O₃) µg/m³,49.686157
Kastoria,2023-01-04 16:00:00,Ozone (O₃) µg/m³,37.18459
Kastoria,2023-01-05 00:00:00,Ozone (O₃) µg/m³,30.734808
Kastoria,2023-01-05 08:00:00,Ozone (O₃) µg/m³,50.288265
Kastoria,2023-01-05 16:00:00,Ozone (O₃) µg/m³,51.476334
Kastoria,2023-01-06 00:00:00,Ozone (O₃) µg/m³,47.367188
Kastoria,2023-01-06 08:00:00,Ozone (O₃) µg/m³,55.110764
Kastoria,2023-01-06 16:00:00,Ozone (O₃) µg/m³,37.62078
Kastoria,2023-01-07 00:00:00,Ozone (O₃) µg/m³,40.644936
Kastoria,2023-01-07 08:00:00,Ozone (O₃) µg/m³,56.588943
Kastoria,2023-01-07 16:00:00,Ozone (O₃) µg/m³,43.05117
Kastoria,2023-01-08 00:00:00,Ozone (O₃) µg/m³,42.47727
Kastoria,2023-01-08 08:00:00,Ozone (O₃) µg/m³,63.354168
Kastoria,2023-01-08 16:00:00,Ozone (O₃) µg/m³,50.374947
Kastoria,2023-01-09 00:00:00,Ozone (O₃) µg/m³,53.716015
Kastoria,2023-01-09 08:00:00,Ozone (O₃) µg/m³,60.123375
Kastoria,2023-01-09 16:00:00,Ozone (O₃) µg/m³,58.09359
Kastoria,2023-01-10 00:00:00,Ozone (O₃) µg/m³,56.896336
Kastoria,2023-01-10 08:00:00,Ozone (O₃) µg/m³,62.793518
Kastoria,2023-01-10 16:00:00,Ozone (O₃) µg/m³,45.863487
Kastoria,2023-01-11 00:00:00,Ozone (O₃) µg/m³,31.583096
Kastoria,2023-01-11 08:00:00,Ozone (O₃) µg/m³,42.982445
Kastoria,2023-01-11 16:00:00,Ozone (O₃) µg/m³,32.870907
Kastoria,2023-01-12 00:00:00,Ozone (O₃) µg/m³,28.187565
Kastoria,2023-01-12 08:00:00,Ozone (O₃) µg/m³,51.34341
Kastoria,2023-01-12 16:00:00,Ozone (O₃) µg/m³,35.79889
Kastoria,2023-01-13 00:00:00,Ozone (O₃) µg/m³,35.048378
Kastoria,2023-01-13 08:00:00,Ozone (O₃) µg/m³,52.731754
Kastoria,2023-01-13 16:00:00,Ozone (O₃) µg/m³,33.936607
Kastoria,2023-01-14 00:00:00,Ozone (O₃) µg/m³,38.51216
Kastoria,2023-01-14 08:00:00,Ozone (O₃) µg/m³,51.709686
Kastoria,2023-01-14 16:00:00,Ozone (O₃) µg/m³,37.9501
Kastoria,2023-01-15 00:00:00,Ozone (O₃) µg/m³,37.900246
Kastoria,2023-01-15 08:00:00,Ozone (O₃) µg/m³,58.665802
Kastoria,2023-01-15 16:00:00,Ozone (O₃) µg/m³,43.52534
Kastoria,2023-01-16 00:00:00,Ozone (O₃) µg/m³,50.060066
Kastoria,2023-01-16 08:00:00,Ozone (O₃) µg/m³,57.990295
Kastoria,2023-01-16 16:00:00,Ozone (O₃) µg/m³,61.718178
Kastoria,2023-01-17 00:00:00,Ozone (O₃) µg/m³,65.42294
Kastoria,2023-01-17 08:00:00,Ozone (O₃) µg/m³,62.661003
Kastoria,2023-01-17 16:00:00,Ozone (O₃) µg/m³,65.723755
Kastoria,2023-01-18 00:00:00,Ozone (O₃) µg/m³,63.88319
Kastoria,2023-01-18 08:00:00,Ozone (O₃) µg/m³,66.832825
Kastoria,2023-01-18 16:00:00,Ozone (O₃) µg/m³,68.66172
Kastoria,2023-01-19 00:00:00,Ozone (O₃) µg/m³,66.39452
Kastoria,2023-01-19 08:00:00,Ozone (O₃) µg/m³,66.58366
Kastoria,2023-01-19 16:00:00,Ozone (O₃) µg/m³,59.995792
Kastoria,2023-01-20 00:00:00,Ozone (O₃) µg/m³,60.931602
Kastoria,2023-01-20 08:00:00,Ozone (O₃) µg/m³,61.434593
Kastoria,2023-01-20 16:00:00,Ozone (O₃) µg/m³,57.026276
Kastoria,2023-01-21 00:00:00,Ozone (O₃) µg/m³,61.24496
Kastoria,2023-01-21 08:00:00,Ozone (O₃) µg/m³,62.63579
Kastoria,2023-01-21 16:00:00,Ozone (O₃) µg/m³,56.51509
Kastoria,2023-01-22 00:00:00,Ozone (O₃) µg/m³,48.208183
Kastoria,2023-01-22 08:00:00,Ozone (O₃) µg/m³,66.70561
Kastoria,2023-01-22 16:00:00,Ozone (O₃) µg/m³,55.711876
Kastoria,2023-01-23 00:00:00,Ozone (O₃) µg/m³,60.659283
Kastoria,2023-01-23 08:00:00,Ozone (O₃) µg/m³,63.401943
Kastoria,2023-01-23 16:00:00,Ozone (O₃) µg/m³,56.63015
Kastoria,2023-01-24 00:00:00,Ozone (O₃) µg/m³,47.809055
Kastoria,2023-01-24 08:00:00,Ozone (O₃) µg/m³,54.813644
Kastoria,2023-01-24 16:00:00,Ozone (O₃) µg/m³,45.759277
Kastoria,2023-01-25 00:00:00,Ozone (O₃) µg/m³,44.753456
Kastoria,2023-01-25 08:00:00,Ozone (O₃) µg/m³,37.273453
Kastoria,2023-01-25 16:00:00,Ozone (O₃) µg/m³,39.92854
Kastoria,2023-01-26 00:00:00,Ozone (O₃) µg/m³,35.188255
Kastoria,2023-01-26 08:00:00,Ozone (O₃) µg/m³,37.554726
Kastoria,2023-01-26 16:00:00,Ozone (O₃) µg/m³,32.956127
Kastoria,2023-01-27 00:00:00,Ozone (O₃) µg/m³,30.504356
Kastoria,2023-01-27 08:00:00,Ozone (O₃) µg/m³,44.185074
Kastoria,2023-01-27 16:00:00,Ozone (O₃) µg/m³,36.35763
Kastoria,2023-01-28 00:00:00,Ozone (O₃) µg/m³,38.925953
Kastoria,2023-01-28 08:00:00,Ozone (O₃) µg/m³,60.683918
Kastoria,2023-01-28 16:00:00,Ozone (O₃) µg/m³,46.593018
Kastoria,2023-01-29 00:00:00,Ozone (O₃) µg/m³,44.11226
Kastoria,2023-01-29 08:00:00,Ozone (O₃) µg/m³,58.312653
Kastoria,2023-01-29 16:00:00,Ozone (O₃) µg/m³,45.0088
Kastoria,2023-01-30 00:00:00,Ozone (O₃) µg/m³,45.19937
Kastoria,2023-01-30 08:00:00,Ozone (O₃) µg/m³,61.16603
Kastoria,2023-01-30 16:00:00,Ozone (O₃) µg/m³,59.63999
Kastoria,2023-01-31 00:00:00,Ozone (O₃) µg/m³,56.87093
Kastoria,2023-01-31 08:00:00,Ozone (O₃) µg/m³,65.88519
Kastoria,2023-01-31 16:00:00,Ozone (O₃) µg/m³,56.609177
Corfu,2023-01-01 00:00:00,Ozone (O₃) µg/m³,40.006454
Corfu,2023-01-01 08:00:00,Ozone (O₃) µg/m³,52.119682
Corfu,2023-01-01 16:00:00,Ozone (O₃) µg/m³,41.19261
Corfu,2023-01-02 00:00:00,Ozone (O₃) µg/m³,35.690903
Corfu,2023-01-02 08:00:00,Ozone (O₃) µg/m³,49.783146
Corfu,2023-01-02 16:00:00,Ozone (O₃) µg/m³,38.000496
Corfu,2023-01-03 00:00:00,Ozone (O₃) µg/m³,40.386917
Corfu,2023-01-03 08:00:00,Ozone (O₃) µg/m³,49.83529
Corfu,2023-01-03 16:00:00,Ozone (O₃) µg/m³,49.534546
Corfu,2023-01-04 00:00:00,Ozone (O₃) µg/m³,40.5625
Corfu,2023-01-04 08:00:00,Ozone (O₃) µg/m³,55.046875
Corfu,2023-01-04 16:00:00,Ozone (O₃) µg/m³,46.50357
Corfu,2023-01-05 00:00:00,Ozone (O₃) µg/m³,38.378227
Corfu,2023-01-05 08:00:00,Ozone (O₃) µg/m³,55.35128
Corfu,2023-01-05 16:00:00,Ozone (O₃) µg/m³,53.347305
Corfu,2023-01-06 00:00:00,Ozone (O₃) µg/m³,46.60072
Corfu,2023-01-06 08:00:00,Ozone (O₃) µg/m³,56.829132
Corfu,2023-01-06 16:00:00,Ozone (O₃) µg/m³,49.093674
Corfu,2023-01-07 00:00:00,Ozone (O₃) µg/m³,39.84375
Corfu,2023-01-07 08:00:00,Ozone (O₃) µg/m³,46.855633
Corfu,2023-01-07 16:00:00,Ozone (O₃) µg/m³,46.803665
Corfu,2023-01-08 00:00:00,Ozone (O₃) µg/m³,44.78308
Corfu,2023-01-08 08:00:00,Ozone (O₃) µg/m³,62.075634
Corfu,2023-01-08 16:00:00,Ozone (O₃) µg/m³,61.057228
Corfu,2023-01-09 00:00:00,Ozone (O₃) µg/m³,56.218224
Corfu,2023-01-09 08:00:00,Ozone (O₃) µg/m³,66.38978
Corfu,2023-01-09 16:00:00,Ozone (O₃) µg/m³,82.213486
Corfu,2023-01-10 00:00:00,Ozone (O₃) µg/m³,72.13116
Corfu,2023-01-10 08:00:00,Ozone (O₃) µg/m³,71.45579
Corfu,2023-01-10 16:00:00,Ozone (O₃) µg/m³,63.553246
Corfu,2023-01-11 00:00:00,Ozone (O₃) µg/m³,49.393265
Corfu,2023-01-11 08:00:00,Ozone (O₃) µg/m³,55.415558
Corfu,2023-01-11 16:00:00,Ozone (O₃) µg/m³,47.23401
Corfu,2023-01-12 00:00:00,Ozone (O₃) µg/m³,32.04792
Corfu,2023-01-12 08:00:00,Ozone (O₃) µg/m³,39.810894
Corfu,2023-01-12 16:00:00,Ozone (O₃) µg/m³,40.62349
Corfu,2023-01-13 00:00:00,Ozone (O₃) µg/m³,32.85704
Corfu,2023-01-13 08:00:00,Ozone (O₃) µg/m³,50.01913
Corfu,2023-01-13 16:00:00,Ozone (O₃) µg/m³,40.6474
Corfu,2023-01-14 00:00:00,Ozone (O₃) µg/m³,45.805977
Corfu,2023-01-14 08:00:00,Ozone (O₃) µg/m³,56.175396
Corfu,2023-01-14 16:00:00,Ozone (O₃) µg/m³,50.72632
Corfu,2023-01-15 00:00:00,Ozone (O₃) µg/m³,34.38649
Corfu,2023-01-15 08:00:00,Ozone (O₃) µg/m³,54.068027
Corfu,2023-01-15 16:00:00,Ozone (O₃) µg/m³,59.037796
Corfu,2023-01-16 00:00:00,Ozone (O₃) µg/m³,59.26143
Corfu,2023-01-16 08:00:00,Ozone (O₃) µg/m³,71.58618
Corfu,2023-01-16 16:00:00,Ozone (O₃) µg/m³,80.02835
Corfu,2023-01-17 00:00:00,Ozone (O₃) µg/m³,68.92629
Corfu,2023-01-17 08:00:00,Ozone (O₃) µg/m³,77.45308
Corfu,2023-01-17 16:00:00,Ozone (O₃) µg/m³,80.342026
Corfu,2023-01-18 00:00:00,Ozone (O₃) µg/m³,75.29578
Corfu,2023-01-18 08:00:00,Ozone (O₃) µg/m³,75.612076
Corfu,2023-01-18 16:00:00,Ozone (O₃) µg/m³,77.68057
Corfu,2023-01-19 00:00:00,Ozone (O₃) µg/m³,72.714645
Corfu,2023-01-19 08:00:00,Ozone (O₃) µg/m³,73.74406
Corfu,2023-01-19 16:00:00,Ozone (O₃) µg/m³,76.678406
Corfu,2023-01-20 00:00:00,Ozone (O₃) µg/m³,70.45353
Corfu,2023-01-20 08:00:00,Ozone (O₃) µg/m³,68.38051
Corfu,2023-01-20 16:00:00,Ozone (O₃) µg/m³,73.41464
Corfu,2023-01-21 00:00:00,Ozone (O₃) µg/m³,73.85535
Corfu,2023-01-21 08:00:00,Ozone (O₃) µg/m³,70.12415
Corfu,2023-01-21 16:00:00,Ozone (O₃) µg/m³,78.00403
Corfu,2023-01-22 00:00:00,Ozone (O₃) µg/m³,69.585236
Corfu,2023-01-22 08:00:00,Ozone (O₃) µg/m³,73.97196
Corfu,2023-01-22 16:00:00,Ozone (O₃) µg/m³,73.10448
Corfu,2023-01-23 00:00:00,Ozone (O₃) µg/m³,74.2928
Corfu,2023-01-23 08:00:00,Ozone (O₃) µg/m³,72.19944
Corfu,2023-01-23 16:00:00,Ozone (O₃) µg/m³,68.59064
Corfu,2023-01-24 00:00:00,Ozone (O₃) µg/m³,69.969635
Corfu,2023-01-24 08:00:00,Ozone (O₃) µg/m³,73.39856
Corfu,2023-01-24 16:00:00,Ozone (O₃) µg/m³,66.356766
Corfu,2023-01-25 00:00:00,Ozone (O₃) µg/m³,57.908775
Corfu,2023-01-25 08:00:00,Ozone (O₃) µg/m³,63.456566
Corfu,2023-01-25 16:00:00,Ozone (O₃) µg/m³,66.39295
Corfu,2023-01-26 00:00:00,Ozone (O₃) µg/m³,67.000015
Corfu,2023-01-26 08:00:00,Ozone (O₃) µg/m³,65.23767
Corfu,2023-01-26 16:00:00,Ozone (O₃) µg/m³,65.95245
Corfu,2023-01-27 00:00:00,Ozone (O₃) µg/m³,61.13215
Corfu,2023-01-27 08:00:00,Ozone (O₃) µg/m³,65.52547
Corfu,2023-01-27 16:00:00,Ozone (O₃) µg/m³,63.637733
Corfu,2023-01-28 00:00:00,Ozone (O₃) µg/m³,51.422184
Corfu,2023-01-28 08:00:00,Ozone (O₃) µg/m³,65.035446
Corfu,2023-01-28 16:00:00,Ozone (O₃) µg/m³,65.406975
Corfu,2023-01-29 00:00:00,Ozone (O₃) µg/m³,51.683426
Corfu,2023-01-29 08:00:00,Ozone (O₃) µg/m³,66.84756
Corfu,2023-01-29 16:00:00,Ozone (O₃) µg/m³,69.674675
Corfu,2023-01-30 00:00:00,Ozone (O₃) µg/m³,52.267513
Corfu,2023-01-30 08:00:00,Ozone (O₃) µg/m³,65.57646
Corfu,2023-01-30 16:00:00,Ozone (O₃) µg/m³,68.50368
Corfu,2023-01-31 00:00:00,Ozone (O₃) µg/m³,60.426125
Corfu,2023-01-31 08:00:00,Ozone (O₃) µg/m³,69.998184
Corfu,2023-01-31 16:00:00,Ozone (O₃) µg/m³,70.23608
Argostoli,2023-01-01 00:00:00,Ozone (O₃) µg/m³,52.783077
Argostoli,2023-01-01 08:00:00,Ozone (O₃) µg/m³,61.32213
Argostoli,2023-01-01 16:00:00,Ozone (O₃) µg/m³,58.952126
Argostoli,2023-01-02 00:00:00,Ozone (O₃) µg/m³,54.0814
Argostoli,2023-01-02 08:00:00,Ozone (O₃) µg/m³,62.42131
Argostoli,2023-01-02 16:00:00,Ozone (O₃) µg/m³,60.901714
Argostoli,2023-01-03 00:00:00,Ozone (O₃) µg/m³,62.47289
Argostoli,2023-01-03 08:00:00,Ozone (O₃) µg/m³,71.42575
Argostoli,2023-01-03 16:00:00,Ozone (O₃) µg/m³,66.74665
Argostoli,2023-01-04 00:00:00,Ozone (O₃) µg/m³,67.57532
Argostoli,2023-01-04 08:00:00,Ozone (O₃) µg/m³,64.361404
Argostoli,2023-01-04 16:00:00,Ozone (O₃) µg/m³,65.038315
Argostoli,2023-01-05 00:00:00,Ozone (O₃) µg/m³,57.741447
Argostoli,2023-01-05 08:00:00,Ozone (O₃) µg/m³,62.87749
Argostoli,2023-01-05 16:00:00,Ozone (O₃) µg/m³,68.34357
Argostoli,2023-01-06 00:00:00,Ozone (O₃) µg/m³,60.72386
Argostoli,2023-01-06 08:00:00,Ozone (O₃) µg/m³,64.372635
Argostoli,2023-01-06 16:00:00,Ozone (O₃) µg/m³,61.978313
Argostoli,2023-01-07 00:00:00,Ozone (O₃) µg/m³,59.041405
Argostoli,2023-01-07 08:00:00,Ozone (O₃) µg/m³,66.799095
Argostoli,2023-01-07 16:00:00,Ozone (O₃) µg/m³,64.07843
Argostoli,2023-01-08 00:00:00,Ozone (O₃) µg/m³,58.739758
Argostoli,2023-01-08 08:00:00,Ozone (O₃) µg/m³,69.350296
Argostoli,2023-01-08 16:00:00,Ozone (O₃) µg/m³,60.60496
Argostoli,2023-01-09 00:00:00,Ozone (O₃) µg/m³,62.792313
Argostoli,2023-01-09 08:00:00,Ozone (O₃) µg/m³,73.43677
Argostoli,2023-01-09 16:00:00,Ozone (O₃) µg/m³,83.7938
Argostoli,2023-01-10 00:00:00,Ozone (O₃) µg/m³,75.62718
Argostoli,2023-01-10 08:00:00,Ozone (O₃) µg/m³,78.10687
Argostoli,2023-01-10 16:00:00,Ozone (O₃) µg/m³,70.99408
Argostoli,2023-01-11 00:00:00,Ozone (O₃) µg/m³,61.842506
Argostoli,2023-01-11 08:00:00,Ozone (O₃) µg/m³,62.333023
Argostoli,2023-01-11 16:00:00,Ozone (O₃) µg/m³,53.879948
Argostoli,2023-01-12 00:00:00,Ozone (O₃) µg/m³,53.125973
Argostoli,2023-01-12 08:00:00,Ozone (O₃) µg/m³,62.547264
Argostoli,2023-01-12 16:00:00,Ozone (O₃) µg/m³,56.872334
Argostoli,2023-01-13 00:00:00,Ozone (O₃) µg/m³,51.992825
Argostoli,2023-01-13 08:00:00,Ozone (O₃) µg/m³,62.47817
Argostoli,2023-01-13 16:00:00,Ozone (O₃) µg/m³,63.926292
Argostoli,2023-01-14 00:00:00,Ozone (O₃) µg/m³,62.454056
Argostoli,2023-01-14 08:00:00,Ozone (O₃) µg/m³,68.16907
Argostoli,2023-01-14 16:00:00,Ozone (O₃) µg/m³,61.730804
Argostoli,2023-01-15 00:00:00,Ozone (O₃) µg/m³,54.00633
Argostoli,2023-01-15 08:00:00,Ozone (O₃) µg/m³,68.412155
Argostoli,2023-01-15 16:00:00,Ozone (O₃) µg/m³,64.8559
Argostoli,2023-01-16 00:00:00,Ozone (O₃) µg/m³,68.036026
Argostoli,2023-01-16 08:00:00,Ozone (O₃) µg/m³,83.872505
Argostoli,2023-01-16 16:00:00,Ozone (O₃) µg/m³,89.52335
Argostoli,2023-01-17 00:00:00,Ozone (O₃) µg/m³,84.12099
Argostoli,2023-01-17 08:00:00,Ozone (O₃) µg/m³,83.09192
Argostoli,2023-01-17 16:00:00,Ozone (O₃) µg/m³,86.7415
Argostoli,2023-01-18 00:00:00,Ozone (O₃) µg/m³,81.41377
Argostoli,2023-01-18 08:00:00,Ozone (O₃) µg/m³,78.31186
Argostoli,2023-01-18 16:00:00,Ozone (O₃) µg/m³,77.090454
Argostoli,2023-01-19 00:00:00,Ozone (O₃) µg/m³,74.75357
Argostoli,2023-01-19 08:00:00,Ozone (O₃) µg/m³,73.71498
Argostoli,2023-01-19 16:00:00,Ozone (O₃) µg/m³,73.45626
Argostoli,2023-01-20 00:00:00,Ozone (O₃) µg/m³,73.719406
Argostoli,2023-01-20 08:00:00,Ozone (O₃) µg/m³,71.44215
Argostoli,2023-01-20 16:00:00,Ozone (O₃) µg/m³,78.87533
Argostoli,2023-01-21 00:00:00,Ozone (O₃) µg/m³,77.566895
Argostoli,2023-01-21 08:00:00,Ozone (O₃) µg/m³,75.92595
Argostoli,2023-01-21 16:00:00,Ozone (O₃) µg/m³,80.12695
Argostoli,2023-01-22 00:00:00,Ozone (O₃) µg/m³,74.75685
Argostoli,2023-01-22 08:00:00,Ozone (O₃) µg/m³,75.403336
Argostoli,2023-01-22 16:00:00,Ozone (O₃) µg/m³,80.50214
Argostoli,2023-01-23 00:00:00,Ozone (O₃) µg/m³,79.91376
Argostoli,2023-01-23 08:00:00,Ozone (O₃) µg/m³,70.82088
Argostoli,2023-01-23 16:00:00,Ozone (O₃) µg/m³,78.390564
Argostoli,2023-01-24 00:00:00,Ozone (O₃) µg/m³,76.21669
Argostoli,2023-01-24 08:00:00,Ozone (O₃) µg/m³,76.22685
Argostoli,2023-01-24 16:00:00,Ozone (O₃) µg/m³,72.59685
Argostoli,2023-01-25 00:00:00,Ozone (O₃) µg/m³,72.58439
Argostoli,2023-01-25 08:00:00,Ozone (O₃) µg/m³,70.758804
Argostoli,2023-01-25 16:00:00,Ozone (O₃) µg/m³,65.72103
Argostoli,2023-01-26 00:00:00,Ozone (O₃) µg/m³,74.2961
Argostoli,2023-01-26 08:00:00,Ozone (O₃) µg/m³,75.70024
Argostoli,2023-01-26 16:00:00,Ozone (O₃) µg/m³,83.15263
Argostoli,2023-01-27 00:00:00,Ozone (O₃) µg/m³,80.471825
Argostoli,2023-01-27 08:00:00,Ozone (O₃) µg/m³,79.41622
Argostoli,2023-01-27 16:00:00,Ozone (O₃) µg/m³,75.60404
Argostoli,2023-01-28 00:00:00,Ozone (O₃) µg/m³,70.15669
Argostoli,2023-01-28 08:00:00,Ozone (O₃) µg/m³,76.91556
Argostoli,2023-01-28 16:00:00,Ozone (O₃) µg/m³,71.15499
Argostoli,2023-01-29 00:00:00,Ozone (O₃) µg/m³,70.825165
Argostoli,2023-01-29 08:00:00,Ozone (O₃) µg/m³,71.24017
Argostoli,2023-01-29 16:00:00,Ozone (O₃) µg/m³,67.86313
Argostoli,2023-01-30 00:00:00,Ozone (O₃) µg/m³,61.26261
Argostoli,2023-01-30 08:00:00,Ozone (O₃) µg/m³,70.871216
Argostoli,2023-01-30 16:00:00,Ozone (O₃) µg/m³,74.518295
Argostoli,2023-01-31 00:00:00,Ozone (O₃) µg/m³,69.441345
Argostoli,2023-01-31 08:00:00,Ozone (O₃) µg/m³,72.91302
Argostoli,2023-01-31 16:00:00,Ozone (O₃) µg/m³,78.93637
Kilkis,2023-01-01 00:00:00,Ozone (O₃) µg/m³,35.499825
Kilkis,2023-01-01 08:00:00,Ozone (O₃) µg/m³,47.22481
Kilkis,2023-01-01 16:00:00,Ozone (O₃) µg/m³,37.782356
Kilkis,2023-01-02 00:00:00,Ozone (O₃) µg/m³,41.699837
Kilkis,2023-01-02 08:00:00,Ozone (O₃) µg/m³,47.19986
Kilkis,2023-01-02 16:00:00,Ozone (O₃) µg/m³,37.636524
Kilkis,2023-01-03 00:00:00,Ozone (O₃) µg/m³,40.819427
Kilkis,2023-01-03 08:00:00,Ozone (O₃) µg/m³,44.404457
Kilkis,2023-01-03 16:00:00,Ozone (O₃) µg/m³,37.242027
Kilkis,2023-01-04 00:00:00,Ozone (O₃) µg/m³,40.022163
Kilkis,2023-01-04 08:00:00,Ozone (O₃) µg/m³,41.650578
Kilkis,2023-01-04 16:00:00,Ozone (O₃) µg/m³,33.27618
Kilkis,2023-01-05 00:00:00,Ozone (O₃) µg/m³,33.11399
Kilkis,2023-01-05 08:00:00,Ozone (O₃) µg/m³,41.66607
Kilkis,2023-01-05 16:00:00,Ozone (O₃) µg/m³,38.323524
Kilkis,2023-01-06 00:00:00,Ozone (O₃) µg/m³,41.62981
Kilkis,2023-01-06 08:00:00,Ozone (O₃) µg/m³,49.048325
Kilkis,2023-01-06 16:00:00,Ozone (O₃) µg/m³,44.101425
Kilkis,2023-01-07 00:00:00,Ozone (O₃) µg/m³,46.246346
Kilkis,2023-01-07 08:00:00,Ozone (O₃) µg/m³,57.30166
Kilkis,2023-01-07 16:00:00,Ozone (O₃) µg/m³,52.28409
Kilkis,2023-01-08 00:00:00,Ozone (O₃) µg/m³,47.853558
Kilkis,2023-01-08 08:00:00,Ozone (O₃) µg/m³,55.472824
Kilkis,2023-01-08 16:00:00,Ozone (O₃) µg/m³,52.73639
Kilkis,2023-01-09 00:00:00,Ozone (O₃) µg/m³,44.61644
Kilkis,2023-01-09 08:00:00,Ozone (O₃) µg/m³,38.97548
Kilkis,2023-01-09 16:00:00,Ozone (O₃) µg/m³,49.86063
Kilkis,2023-01-10 00:00:00,Ozone (O₃) µg/m³,57.558426
Kilkis,2023-01-10 08:00:00,Ozone (O₃) µg/m³,47.58703
Kilkis,2023-01-10 16:00:00,Ozone (O₃) µg/m³,36.58112
Kilkis,2023-01-11 00:00:00,Ozone (O₃) µg/m³,36.023117
Kilkis,2023-01-11 08:00:00,Ozone (O₃) µg/m³,36.45524
Kilkis,2023-01-11 16:00:00,Ozone (O₃) µg/m³,30.97527
Kilkis,2023-01-12 00:00:00,Ozone (O₃) µg/m³,26.623129
Kilkis,2023-01-12 08:00:00,Ozone (O₃) µg/m³,37.69547
Kilkis,2023-01-12 16:00:00,Ozone (O₃) µg/m³,31.288864
Kilkis,2023-01-13 00:00:00,Ozone (O₃) µg/m³,27.077393
Kilkis,2023-01-13 08:00:00,Ozone (O₃) µg/m³,36.873165
Kilkis,2023-01-13 16:00:00,Ozone (O₃) µg/m³,36.785614
Kilkis,2023-01-14 00:00:00,Ozone (O₃) µg/m³,33.78026
Kilkis,2023-01-14 08:00:00,Ozone (O₃) µg/m³,39.195656
Kilkis,2023-01-14 16:00:00,Ozone (O₃) µg/m³,34.151337
Kilkis,2023-01-15 00:00:00,Ozone (O₃) µg/m³,27.922405
Kilkis,2023-01-15 08:00:00,Ozone (O₃) µg/m³,41.392567
Kilkis,2023-01-15 16:00:00,Ozone (O₃) µg/m³,43.213413
Kilkis,2023-01-16 00:00:00,Ozone (O₃) µg/m³,42.252457
Kilkis,2023-01-16 08:00:00,Ozone (O₃) µg/m³,48.181664
Kilkis,2023-01-16 16:00:00,Ozone (O₃) µg/m³,48.159702
Kilkis,2023-01-17 00:00:00,Ozone (O₃) µg/m³,50.856876
Kilkis,2023-01-17 08:00:00,Ozone (O₃) µg/m³,56.035843
Kilkis,2023-01-17 16:00:00,Ozone (O₃) µg/m³,59.40042
Kilkis,2023-01-18 00:00:00,Ozone (O₃) µg/m³,65.18947
Kilkis,2023-01-18 08:00:00,Ozone (O₃) µg/m³,65.37368
Kilkis,2023-01-18 16:00:00,Ozone (O₃) µg/m³,64.883125
Kilkis,2023-01-19 00:00:00,Ozone (O₃) µg/m³,64.37085
Kilkis,2023-01-19 08:00:00,Ozone (O₃) µg/m³,67.078354
Kilkis,2023-01-19 16:00:00,Ozone (O₃) µg/m³,64.513
Kilkis,2023-01-20 00:00:00,Ozone (O₃) µg/m³,64.73425
Kilkis,2023-01-20 08:00:00,Ozone (O₃) µg/m³,60.405357
Kilkis,2023-01-20 16:00:00,Ozone (O₃) µg/m³,49.712997
Kilkis,2023-01-21 00:00:00,Ozone (O₃) µg/m³,57.654503
Kilkis,2023-01-21 08:00:00,Ozone (O₃) µg/m³,61.79686
Kilkis,2023-01-21 16:00:00,Ozone (O₃) µg/m³,54.638397
Kilkis,2023-01-22 00:00:00,Ozone (O₃) µg/m³,49.81734
Kilkis,2023-01-22 08:00:00,Ozone (O₃) µg/m³,64.34063
Kilkis,2023-01-22 16:00:00,Ozone (O₃) µg/m³,60.269047
Kilkis,2023-01-23 00:00:00,Ozone (O₃) µg/m³,67.83278
Kilkis,2023-01-23 08:00:00,Ozone (O₃) µg/m³,62.5081
Kilkis,2023-01-23 16:00:00,Ozone (O₃) µg/m³,65.68213
Kilkis,2023-01-24 00:00:00,Ozone (O₃) µg/m³,61.743347
Kilkis,2023-01-24 08:00:00,Ozone (O₃) µg/m³,56.62356
Kilkis,2023-01-24 16:00:00,Ozone (O₃) µg/m³,49.297203
Kilkis,2023-01-25 00:00:00,Ozone (O₃) µg/m³,41.26911
Kilkis,2023-01-25 08:00:00,Ozone (O₃) µg/m³,47.542725
Kilkis,2023-01-25 16:00:00,Ozone (O₃) µg/m³,42.06948
Kilkis,2023-01-26 00:00:00,Ozone (O₃) µg/m³,40.224396
Kilkis,2023-01-26 08:00:00,Ozone (O₃) µg/m³,44.260307
Kilkis,2023-01-26 16:00:00,Ozone (O₃) µg/m³,39.181465
Kilkis,2023-01-27 00:00:00,Ozone (O₃) µg/m³,29.377148
Kilkis,2023-01-27 08:00:00,Ozone (O₃) µg/m³,28.082075
Kilkis,2023-01-27 16:00:00,Ozone (O₃) µg/m³,30.70596
Kilkis,2023-01-28 00:00:00,Ozone (O₃) µg/m³,30.326445
Kilkis,2023-01-28 08:00:00,Ozone (O₃) µg/m³,40.720078
Kilkis,2023-01-28 16:00:00,Ozone (O₃) µg/m³,39.30857
Kilkis,2023-01-29 00:00:00,Ozone (O₃) µg/m³,31.488174
Kilkis,2023-01-29 08:00:00,Ozone (O₃) µg/m³,40.959316
Kilkis,2023-01-29 16:00:00,Ozone (O₃) µg/m³,37.350998
Kilkis,2023-01-30 00:00:00,Ozone (O₃) µg/m³,31.955105
Kilkis,2023-01-30 08:00:00,Ozone (O₃) µg/m³,54.22043
Kilkis,2023-01-30 16:00:00,Ozone (O₃) µg/m³,45.389347
Kilkis,2023-01-31 00:00:00,Ozone (O₃) µg/m³,43.79574
Kilkis,2023-01-31 08:00:00,Ozone (O₃) µg/m³,54.857582
Kilkis,2023-01-31 16:00:00,Ozone (O₃) µg/m³,47.701557
Kozani,2023-01-01 00:00:00,Ozone (O₃) µg/m³,33.81629
Kozani,2023-01-01 08:00:00,Ozone (O₃) µg/m³,44.680393
Kozani,2023-01-01 16:00:00,Ozone (O₃) µg/m³,34.599277
Kozani,2023-01-02 00:00:00,Ozone (O₃) µg/m³,26.886906
Kozani,2023-01-02 08:00:00,Ozone (O₃) µg/m³,36.313763
Kozani,2023-01-02 16:00:00,Ozone (O₃) µg/m³,37.09884
Kozani,2023-01-03 00:00:00,Ozone (O₃) µg/m³,39.897896
Kozani,2023-01-03 08:00:00,Ozone (O₃) µg/m³,48.85417
Kozani,2023-01-03 16:00:00,Ozone (O₃) µg/m³,38.474808
Kozani,2023-01-04 00:00:00,Ozone (O₃) µg/m³,36.836136
Kozani,2023-01-04 08:00:00,Ozone (O₃) µg/m³,46.159195
Kozani,2023-01-04 16:00:00,Ozone (O₃) µg/m³,39.972347
Kozani,2023-01-05 00:00:00,Ozone (O₃) µg/m³,28.502996
Kozani,2023-01-05 08:00:00,Ozone (O₃) µg/m³,43.8
Kozani,2023-01-05 16:00:00,Ozone (O₃) µg/m³,46.24324
Kozani,2023-01-06 00:00:00,Ozone (O₃) µg/m³,47.141296
Kozani,2023-01-06 08:00:00,Ozone (O₃) µg/m³,51.58407
Kozani,2023-01-06 16:00:00,Ozone (O₃) µg/m³,42.854683
Kozani,2023-01-07 00:00:00,Ozone (O₃) µg/m³,36.116844
Kozani,2023-01-07 08:00:00,Ozone (O₃) µg/m³,47.30758
Kozani,2023-01-07 16:00:00,Ozone (O₃) µg/m³,37.847816
Kozani,2023-01-08 00:00:00,Ozone (O₃) µg/m³,31.65962
Kozani,2023-01-08 08:00:00,Ozone (O₃) µg/m³,50.74265
Kozani,2023-01-08 16:00:00,Ozone (O₃) µg/m³,39.382465
Kozani,2023-01-09 00:00:00,Ozone (O₃) µg/m³,37.110596
Kozani,2023-01-09 08:00:00,Ozone (O₃) µg/m³,52.20276
Kozani,2023-01-09 16:00:00,Ozone (O₃) µg/m³,47.116093
Kozani,2023-01-10 00:00:00,Ozone (O₃) µg/m³,52.659256
Kozani,2023-01-10 08:00:00,Ozone (O₃) µg/m³,53.413494
Kozani,2023-01-10 16:00:00,Ozone (O₃) µg/m³,44.59095
Kozani,2023-01-11 00:00:00,Ozone (O₃) µg/m³,34.627483
Kozani,2023-01-11 08:00:00,Ozone (O₃) µg/m³,39.60419
Kozani,2023-01-11 16:00:00,Ozone (O₃) µg/m³,30.488047
Kozani,2023-01-12 00:00:00,Ozone (O₃) µg/m³,28.439884
Kozani,2023-01-12 08:00:00,Ozone (O₃) µg/m³,42.68802
Kozani,2023-01-12 16:00:00,Ozone (O₃) µg/m³,40.010582
Kozani,2023-01-13 00:00:00,Ozone (O₃) µg/m³,33.708122
Kozani,2023-01-13 08:00:00,Ozone (O₃) µg/m³,44.618908
Kozani,2023-01-13 16:00:00,Ozone (O₃) µg/m³,36.99468
Kozani,2023-01-14 00:00:00,Ozone (O₃) µg/m³,27.131813
Kozani,2023-01-14 08:00:00,Ozone (O₃) µg/m³,39.251144
Kozani,2023-01-14 16:00:00,Ozone (O₃) µg/m³,35.118023
Kozani,2023-01-15 00:00:00,Ozone (O₃) µg/m³,36.66877
Kozani,2023-01-15 08:00:00,Ozone (O₃) µg/m³,51.195633
Kozani,2023-01-15 16:00:00,Ozone (O₃) µg/m³,38.46696
Kozani,2023-01-16 00:00:00,Ozone (O₃) µg/m³,36.63726
Kozani,2023-01-16 08:00:00,Ozone (O₃) µg/m³,52.044003
Kozani,2023-01-16 16:00:00,Ozone (O₃) µg/m³,49.05734
Kozani,2023-01-17 00:00:00,Ozone (O₃) µg/m³,53.120876
Kozani,2023-01-17 08:00:00,Ozone (O₃) µg/m³,60.140575
Kozani,2023-01-17 16:00:00,Ozone (O₃) µg/m³,57.19992
Kozani,2023-01-18 00:00:00,Ozone (O₃) µg/m³,52.04342
Kozani,2023-01-18 08:00:00,Ozone (O₃) µg/m³,64.99771
Kozani,2023-01-18 16:00:00,Ozone (O₃) µg/m³,60.70958
Kozani,2023-01-19 00:00:00,Ozone (O₃) µg/m³,58.21669
Kozani,2023-01-19 08:00:00,Ozone (O₃) µg/m³,63.400818
Kozani,2023-01-19 16:00:00,Ozone (O₃) µg/m³,55.25557
Kozani,2023-01-20 00:00:00,Ozone (O₃) µg/m³,59.28017
Kozani,2023-01-20 08:00:00,Ozone (O₃) µg/m³,61.08983
Kozani,2023-01-20 16:00:00,Ozone (O₃) µg/m³,51.28952
Kozani,2023-01-21 00:00:00,Ozone (O₃) µg/m³,56.18534
Kozani,2023-01-21 08:00:00,Ozone (O₃) µg/m³,61.554497
Kozani,2023-01-21 16:00:00,Ozone (O₃) µg/m³,51.317947
Kozani,2023-01-22 00:00:00,Ozone (O₃) µg/m³,40.640526
Kozani,2023-01-22 08:00:00,Ozone (O₃) µg/m³,63.985794
Kozani,2023-01-22 16:00:00,Ozone (O₃) µg/m³,54.54727
Kozani,2023-01-23 00:00:00,Ozone (O₃) µg/m³,51.616577
Kozani,2023-01-23 08:00:00,Ozone (O₃) µg/m³,61.424286
Kozani,2023-01-23 16:00:00,Ozone (O₃) µg/m³,48.4611
Kozani,2023-01-24 00:00:00,Ozone (O₃) µg/m³,40.93561
Kozani,2023-01-24 08:00:00,Ozone (O₃) µg/m³,45.48964
Kozani,2023-01-24 16:00:00,Ozone (O₃) µg/m³,36.369225
Kozani,2023-01-25 00:00:00,Ozone (O₃) µg/m³,37.570156
Kozani,2023-01-25 08:00:00,Ozone (O₃) µg/m³,41.392895
Kozani,2023-01-25 16:00:00,Ozone (O₃) µg/m³,42.247543
Kozani,2023-01-26 00:00:00,Ozone (O₃) µg/m³,40.70877
Kozani,2023-01-26 08:00:00,Ozone (O₃) µg/m³,38.64716
Kozani,2023-01-26 16:00:00,Ozone (O₃) µg/m³,28.485844
Kozani,2023-01-27 00:00:00,Ozone (O₃) µg/m³,29.286991
Kozani,2023-01-27 08:00:00,Ozone (O₃) µg/m³,36.311996
Kozani,2023-01-27 16:00:00,Ozone (O₃) µg/m³,39.238712
Kozani,2023-01-28 00:00:00,Ozone (O₃) µg/m³,31.592754
Kozani,2023-01-28 08:00:00,Ozone (O₃) µg/m³,47.723465
Kozani,2023-01-28 16:00:00,Ozone (O₃) µg/m³,43.51973
Kozani,2023-01-29 00:00:00,Ozone (O₃) µg/m³,41.931953
Kozani,2023-01-29 08:00:00,Ozone (O₃) µg/m³,51.06389
Kozani,2023-01-29 16:00:00,Ozone (O₃) µg/m³,44.663227
Kozani,2023-01-30 00:00:00,Ozone (O₃) µg/m³,43.718918
Kozani,2023-01-30 08:00:00,Ozone (O₃) µg/m³,53.82733
Kozani,2023-01-30 16:00:00,Ozone (O₃) µg/m³,49.76334
Kozani,2023-01-31 00:00:00,Ozone (O₃) µg/m³,52.28926
Kozani,2023-01-31 08:00:00,Ozone (O₃) µg/m³,60.262024
Kozani,2023-01-31 16:00:00,Ozone (O₃) µg/m³,57.53565
Corinth,2023-01-01 00:00:00,Ozone (O₃) µg/m³,36.02043
Corinth,2023-01-01 08:00:00,Ozone (O₃) µg/m³,59.90972
Corinth,2023-01-01 16:00:00,Ozone (O₃) µg/m³,43.75229
Corinth,2023-01-02 00:00:00,Ozone (O₃) µg/m³,37.718056
Corinth,2023-01-02 08:00:00,Ozone (O₃) µg/m³,60.453655
Corinth,2023-01-02 16:00:00,Ozone (O₃) µg/m³,47.118805
Corinth,2023-01-03 00:00:00,Ozone (O₃) µg/m³,50.45881
Corinth,2023-01-03 08:00:00,Ozone (O₃) µg/m³,62.13966
Corinth,2023-01-03 16:00:00,Ozone (O₃) µg/m³,46.928722
Corinth,2023-01-04 00:00:00,Ozone (O₃) µg/m³,43.458466
Corinth,2023-01-04 08:00:00,Ozone (O₃) µg/m³,56.9918
Corinth,2023-01-04 16:00:00,Ozone (O₃) µg/m³,36.834953
Corinth,2023-01-05 00:00:00,Ozone (O₃) µg/m³,30.742588
Corinth,2023-01-05 08:00:00,Ozone (O₃) µg/m³,50.051178
Corinth,2023-01-05 16:00:00,Ozone (O₃) µg/m³,35.190956
Corinth,2023-01-06 00:00:00,Ozone (O₃) µg/m³,43.081833
Corinth,2023-01-06 08:00:00,Ozone (O₃) µg/m³,60.051178
Corinth,2023-01-06 16:00:00,Ozone (O₃) µg/m³,35.143867
Corinth,2023-01-07 00:00:00,Ozone (O₃) µg/m³,31.702759
Corinth,2023-01-07 08:00:00,Ozone (O₃) µg/m³,55.067894
Corinth,2023-01-07 16:00:00,Ozone (O₃) µg/m³,41.598343
Corinth,2023-01-08 00:00:00,Ozone (O₃) µg/m³,27.024752
Corinth,2023-01-08 08:00:00,Ozone (O₃) µg/m³,59.126007
Corinth,2023-01-08 16:00:00,Ozone (O₃) µg/m³,41.80906
Corinth,2023-01-09 00:00:00,Ozone (O₃) µg/m³,45.1322
Corinth,2023-01-09 08:00:00,Ozone (O₃) µg/m³,58.693497
Corinth,2023-01-09 16:00:00,Ozone (O₃) µg/m³,48.286644
Corinth,2023-01-10 00:00:00,Ozone (O₃) µg/m³,63.386166
Corinth,2023-01-10 08:00:00,Ozone (O₃) µg/m³,69.20321
Corinth,2023-01-10 16:00:00,Ozone (O₃) µg/m³,58.592583
Corinth,2023-01-11 00:00:00,Ozone (O₃) µg/m³,48.35189
Corinth,2023-01-11 08:00:00,Ozone (O₃) µg/m³,58.778328
Corinth,2023-01-11 16:00:00,Ozone (O₃) µg/m³,38.876053
Corinth,2023-01-12 00:00:00,Ozone (O₃) µg/m³,28.899694
Corinth,2023-01-12 08:00:00,Ozone (O₃) µg/m³,52.884033
Corinth,2023-01-12 16:00:00,Ozone (O₃) µg/m³,40.37225
Corinth,2023-01-13 00:00:00,Ozone (O₃) µg/m³,37.768314
Corinth,2023-01-13 08:00:00,Ozone (O₃) µg/m³,60.55137
Corinth,2023-01-13 16:00:00,Ozone (O₃) µg/m³,41.19561
Corinth,2023-01-14 00:00:00,Ozone (O₃) µg/m³,31.536768
Corinth,2023-01-14 08:00:00,Ozone (O₃) µg/m³,55.930588
Corinth,2023-01-14 16:00:00,Ozone (O₃) µg/m³,42.634136
Corinth,2023-01-15 00:00:00,Ozone (O₃) µg/m³,38.566383
Corinth,2023-01-15 08:00:00,Ozone (O₃) µg/m³,49.26435
Corinth,2023-01-15 16:00:00,Ozone (O₃) µg/m³,40.418873
Corinth,2023-01-16 00:00:00,Ozone (O₃) µg/m³,31.690308
Corinth,2023-01-16 08:00:00,Ozone (O₃) µg/m³,54.51551
Corinth,2023-01-16 16:00:00,Ozone (O₃) µg/m³,62.521782
Corinth,2023-01-17 00:00:00,Ozone (O₃) µg/m³,70.130684
Corinth,2023-01-17 08:00:00,Ozone (O₃) µg/m³,77.15818
Corinth,2023-01-17 16:00:00,Ozone (O₃) µg/m³,73.41778
Corinth,2023-01-18 00:00:00,Ozone (O₃) µg/m³,68.86606
Corinth,2023-01-18 08:00:00,Ozone (O₃) µg/m³,75.35633
Corinth,2023-01-18 16:00:00,Ozone (O₃) µg/m³,65.34955
Corinth,2023-01-19 00:00:00,Ozone (O₃) µg/m³,60.598873
Corinth,2023-01-19 08:00:00,Ozone (O₃) µg/m³,72.27016
Corinth,2023-01-19 16:00:00,Ozone (O₃) µg/m³,71.48758
Corinth,2023-01-20 00:00:00,Ozone (O₃) µg/m³,68.832504
Corinth,2023-01-20 08:00:00,Ozone (O₃) µg/m³,68.003815
Corinth,2023-01-20 16:00:00,Ozone (O₃) µg/m³,55.29286
Corinth,2023-01-21 00:00:00,Ozone (O₃) µg/m³,57.55783
Corinth,2023-01-21 08:00:00,Ozone (O₃) µg/m³,73.46532
Corinth,2023-01-21 16:00:00,Ozone (O₃) µg/m³,60.171227
Corinth,2023-01-22 00:00:00,Ozone (O₃) µg/m³,42.42492
Corinth,2023-01-22 08:00:00,Ozone (O₃) µg/m³,62.87977
Corinth,2023-01-22 16:00:00,Ozone (O₃) µg/m³,58.65058
Corinth,2023-01-23 00:00:00,Ozone (O₃) µg/m³,49.08577
Corinth,2023-01-23 08:00:00,Ozone (O₃) µg/m³,69.515564
Corinth,2023-01-23 16:00:00,Ozone (O₃) µg/m³,63.758987
Corinth,2023-01-24 00:00:00,Ozone (O₃) µg/m³,47.207947
Corinth,2023-01-24 08:00:00,Ozone (O₃) µg/m³,64.85018
Corinth,2023-01-24 16:00:00,Ozone (O₃) µg/m³,59.579636
Corinth,2023-01-25 00:00:00,Ozone (O₃) µg/m³,48.84856
Corinth,2023-01-25 08:00:00,Ozone (O₃) µg/m³,51.64715
Corinth,2023-01-25 16:00:00,Ozone (O₃) µg/m³,43.26711
Corinth,2023-01-26 00:00:00,Ozone (O₃) µg/m³,45.34147
Corinth,2023-01-26 08:00:00,Ozone (O₃) µg/m³,48.23142
Corinth,2023-01-26 16:00:00,Ozone (O₃) µg/m³,38.204285
Corinth,2023-01-27 00:00:00,Ozone (O₃) µg/m³,34.159943
Corinth,2023-01-27 08:00:00,Ozone (O₃) µg/m³,64.58916
Corinth,2023-01-27 16:00:00,Ozone (O₃) µg/m³,50.98584
Corinth,2023-01-28 00:00:00,Ozone (O₃) µg/m³,47.553528
Corinth,2023-01-28 08:00:00,Ozone (O₃) µg/m³,65.52124
Corinth,2023-01-28 16:00:00,Ozone (O₃) µg/m³,55.663223
Corinth,2023-01-29 00:00:00,Ozone (O₃) µg/m³,45.103287
Corinth,2023-01-29 08:00:00,Ozone (O₃) µg/m³,60.53896
Corinth,2023-01-29 16:00:00,Ozone (O₃) µg/m³,60.38559
Corinth,2023-01-30 00:00:00,Ozone (O₃) µg/m³,50.43504
Corinth,2023-01-30 08:00:00,Ozone (O₃) µg/m³,56.98114
Corinth,2023-01-30 16:00:00,Ozone (O₃) µg/m³,50.777237
Corinth,2023-01-31 00:00:00,Ozone (O₃) µg/m³,50.781578
Corinth,2023-01-31 08:00:00,Ozone (O₃) µg/m³,65.95413
Corinth,2023-01-31 16:00:00,Ozone (O₃) µg/m³,67.765045
Ermoupoli,2023-01-01 00:00:00,Ozone (O₃) µg/m³,67.236946
Ermoupoli,2023-01-01 08:00:00,Ozone (O₃) µg/m³,68.95947
Ermoupoli,2023-01-01 16:00:00,Ozone (O₃) µg/m³,67.46669
Ermoupoli,2023-01-02 00:00:00,Ozone (O₃) µg/m³,63.300827
Ermoupoli,2023-01-02 08:00:00,Ozone (O₃) µg/m³,66.657776
Ermoupoli,2023-01-02 16:00:00,Ozone (O₃) µg/m³,69.01309
Ermoupoli,2023-01-03 00:00:00,Ozone (O₃) µg/m³,73.31746
Ermoupoli,2023-01-03 08:00:00,Ozone (O₃) µg/m³,78.521515
Ermoupoli,2023-01-03 16:00:00,Ozone (O₃) µg/m³,80.467186
Ermoupoli,2023-01-04 00:00:00,Ozone (O₃) µg/m³,76.28125
Ermoupoli,2023-01-04 08:00:00,Ozone (O₃) µg/m³,70.85726
Ermoupoli,2023-01-04 16:00:00,Ozone (O₃) µg/m³,68.86097
Ermoupoli,2023-01-05 00:00:00,Ozone (O₃) µg/m³,53.602966
Ermoupoli,2023-01-05 08:00:00,Ozone (O₃) µg/m³,58.378365
Ermoupoli,2023-01-05 16:00:00,Ozone (O₃) µg/m³,66.33358
Ermoupoli,2023-01-06 00:00:00,Ozone (O₃) µg/m³,67.085724
Ermoupoli,2023-01-06 08:00:00,Ozone (O₃) µg/m³,70.42171
Ermoupoli,2023-01-06 16:00:00,Ozone (O₃) µg/m³,72.69191
Ermoupoli,2023-01-07 00:00:00,Ozone (O₃) µg/m³,69.67217
Ermoupoli,2023-01-07 08:00:00,Ozone (O₃) µg/m³,70.59888
Ermoupoli,2023-01-07 16:00:00,Ozone (O₃) µg/m³,71.23922
Ermoupoli,2023-01-08 00:00:00,Ozone (O₃) µg/m³,70.07652
Ermoupoli,2023-01-08 08:00:00,Ozone (O₃) µg/m³,74.41474
Ermoupoli,2023-01-08 16:00:00,Ozone (O₃) µg/m³,66.51294
Ermoupoli,2023-01-09 00:00:00,Ozone (O₃) µg/m³,65.455505
Ermoupoli,2023-01-09 08:00:00,Ozone (O₃) µg/m³,75.23815
Ermoupoli,2023-01-09 16:00:00,Ozone (O₃) µg/m³,83.035286
Ermoupoli,2023-01-10 00:00:00,Ozone (O₃) µg/m³,81.951324
Ermoupoli,2023-01-10 08:00:00,Ozone (O₃) µg/m³,82.86399
Ermoupoli,2023-01-10 16:00:00,Ozone (O₃) µg/m³,82.43883
Ermoupoli,2023-01-11 00:00:00,Ozone (O₃) µg/m³,77.2081
Ermoupoli,2023-01-11 08:00:00,Ozone (O₃) µg/m³,66.7564
Ermoupoli,2023-01-11 16:00:00,Ozone (O₃) µg/m³,59.83858
Ermoupoli,2023-01-12 00:00:00,Ozone (O₃) µg/m³,58.316437
Ermoupoli,2023-01-12 08:00:00,Ozone (O₃) µg/m³,61.118874
Ermoupoli,2023-01-12 16:00:00,Ozone (O₃) µg/m³,56.075455
Ermoupoli,2023-01-13 00:00:00,Ozone (O₃) µg/m³,52.842503
Ermoupoli,2023-01-13 08:00:00,Ozone (O₃) µg/m³,56.83532
Ermoupoli,2023-01-13 16:00:00,Ozone (O₃) µg/m³,55.30298
Ermoupoli,2023-01-14 00:00:00,Ozone (O₃) µg/m³,54.06488
Ermoupoli,2023-01-14 08:00:00,Ozone (O₃) µg/m³,57.51228
Ermoupoli,2023-01-14 16:00:00,Ozone (O₃) µg/m³,60.037544
Ermoupoli,2023-01-15 00:00:00,Ozone (O₃) µg/m³,67.57618
Ermoupoli,2023-01-15 08:00:00,Ozone (O₃) µg/m³,63.97378
Ermoupoli,2023-01-15 16:00:00,Ozone (O₃) µg/m³,70.833984
Ermoupoli,2023-01-16 00:00:00,Ozone (O₃) µg/m³,70.73299
Ermoupoli,2023-01-16 08:00:00,Ozone (O₃) µg/m³,73.42279
Ermoupoli,2023-01-16 16:00:00,Ozone (O₃) µg/m³,84.584045
Ermoupoli,2023-01-17 00:00:00,Ozone (O₃) µg/m³,90.54106
Ermoupoli,2023-01-17 08:00:00,Ozone (O₃) µg/m³,90.19439
Ermoupoli,2023-01-17 16:00:00,Ozone (O₃) µg/m³,88.28917
Ermoupoli,2023-01-18 00:00:00,Ozone (O₃) µg/m³,84.80887
Ermoupoli,2023-01-18 08:00:00,Ozone (O₃) µg/m³,85.80061
Ermoupoli,2023-01-18 16:00:00,Ozone (O₃) µg/m³,82.04752
Ermoupoli,2023-01-19 00:00:00,Ozone (O₃) µg/m³,81.032936
Ermoupoli,2023-01-19 08:00:00,Ozone (O₃) µg/m³,84.13521
Ermoupoli,2023-01-19 16:00:00,Ozone (O₃) µg/m³,84.795166
Ermoupoli,2023-01-20 00:00:00,Ozone (O₃) µg/m³,88.91276
Ermoupoli,2023-01-20 08:00:00,Ozone (O₃) µg/m³,80.91502
Ermoupoli,2023-01-20 16:00:00,Ozone (O₃) µg/m³,78.40273
Ermoupoli,2023-01-21 00:00:00,Ozone (O₃) µg/m³,78.521515
Ermoupoli,2023-01-21 08:00:00,Ozone (O₃) µg/m³,82.86949
Ermoupoli,2023-01-21 16:00:00,Ozone (O₃) µg/m³,85.66791
Ermoupoli,2023-01-22 00:00:00,Ozone (O₃) µg/m³,81.29663
Ermoupoli,2023-01-22 08:00:00,Ozone (O₃) µg/m³,84.44141
Ermoupoli,2023-01-22 16:00:00,Ozone (O₃) µg/m³,78.88565
Ermoupoli,2023-01-23 00:00:00,Ozone (O₃) µg/m³,78.116066
Ermoupoli,2023-01-23 08:00:00,Ozone (O₃) µg/m³,82.50037
Ermoupoli,2023-01-23 16:00:00,Ozone (O₃) µg/m³,71.76465
Ermoupoli,2023-01-24 00:00:00,Ozone (O₃) µg/m³,76.42163
Ermoupoli,2023-01-24 08:00:00,Ozone (O₃) µg/m³,80.48561
Ermoupoli,2023-01-24 16:00:00,Ozone (O₃) µg/m³,82.23633
Ermoupoli,2023-01-25 00:00:00,Ozone (O₃) µg/m³,69.09884
Ermoupoli,2023-01-25 08:00:00,Ozone (O₃) µg/m³,70.21809
Ermoupoli,2023-01-25 16:00:00,Ozone (O₃) µg/m³,74.344406
Ermoupoli,2023-01-26 00:00:00,Ozone (O₃) µg/m³,68.35127
Ermoupoli,2023-01-26 08:00:00,Ozone (O₃) µg/m³,78.76668
Ermoupoli,2023-01-26 16:00:00,Ozone (O₃) µg/m³,86.362495
Ermoupoli,2023-01-27 00:00:00,Ozone (O₃) µg/m³,78.080826
Ermoupoli,2023-01-27 08:00:00,Ozone (O₃) µg/m³,84.78111
Ermoupoli,2023-01-27 16:00:00,Ozone (O₃) µg/m³,77.39436
Ermoupoli,2023-01-28 00:00:00,Ozone (O₃) µg/m³,71.127594
Ermoupoli,2023-01-28 08:00:00,Ozone (O₃) µg/m³,68.795876
Ermoupoli,2023-01-28 16:00:00,Ozone (O₃) µg/m³,70.621704
Ermoupoli,2023-01-29 00:00:00,Ozone (O₃) µg/m³,67.78383
Ermoupoli,2023-01-29 08:00:00,Ozone (O₃) µg/m³,56.89051
Ermoupoli,2023-01-29 16:00:00,Ozone (O₃) µg/m³,63.719826
Ermoupoli,2023-01-30 00:00:00,Ozone (O₃) µg/m³,65.71928
Ermoupoli,2023-01-30 08:00:00,Ozone (O₃) µg/m³,75.45262
Ermoupoli,2023-01-30 16:00:00,Ozone (O₃) µg/m³,75.38475
Ermoupoli,2023-01-31 00:00:00,Ozone (O₃) µg/m³,71.24913
Ermoupoli,2023-01-31 08:00:00,Ozone (O₃) µg/m³,71.986534
Ermoupoli,2023-01-31 16:00:00,Ozone (O₃) µg/m³,73.79021
Sparta,2023-01-01 00:00:00,Ozone (O₃) µg/m³,41.26133
Sparta,2023-01-01 08:00:00,Ozone (O₃) µg/m³,67.50018
Sparta,2023-01-01 16:00:00,Ozone (O₃) µg/m³,48.398785
Sparta,2023-01-02 00:00:00,Ozone (O₃) µg/m³,45.155323
Sparta,2023-01-02 08:00:00,Ozone (O₃) µg/m³,69.20874
Sparta,2023-01-02 16:00:00,Ozone (O₃) µg/m³,45.498806
Sparta,2023-01-03 00:00:00,Ozone (O₃) µg/m³,47.215904
Sparta,2023-01-03 08:00:00,Ozone (O₃) µg/m³,63.575188
Sparta,2023-01-03 16:00:00,Ozone (O₃) µg/m³,45.86499
Sparta,2023-01-04 00:00:00,Ozone (O₃) µg/m³,45.780064
Sparta,2023-01-04 08:00:00,Ozone (O₃) µg/m³,61.416515
Sparta,2023-01-04 16:00:00,Ozone (O₃) µg/m³,37.94709
Sparta,2023-01-05 00:00:00,Ozone (O₃) µg/m³,41.467155
Sparta,2023-01-05 08:00:00,Ozone (O₃) µg/m³,65.621864
Sparta,2023-01-05 16:00:00,Ozone (O₃) µg/m³,45.965454
Sparta,2023-01-06 00:00:00,Ozone (O₃) µg/m³,50.07296
Sparta,2023-01-06 08:00:00,Ozone (O₃) µg/m³,66.05234
Sparta,2023-01-06 16:00:00,Ozone (O₃) µg/m³,43.098022
Sparta,2023-01-07 00:00:00,Ozone (O₃) µg/m³,42.826534
Sparta,2023-01-07 08:00:00,Ozone (O₃) µg/m³,64.30191
Sparta,2023-01-07 16:00:00,Ozone (O₃) µg/m³,43.16604
Sparta,2023-01-08 00:00:00,Ozone (O₃) µg/m³,40.694973
Sparta,2023-01-08 08:00:00,Ozone (O₃) µg/m³,63.39703
Sparta,2023-01-08 16:00:00,Ozone (O₃) µg/m³,45.93167
Sparta,2023-01-09 00:00:00,Ozone (O₃) µg/m³,46.878757
Sparta,2023-01-09 08:00:00,Ozone (O₃) µg/m³,66.85638
Sparta,2023-01-09 16:00:00,Ozone (O₃) µg/m³,51.0925
Sparta,2023-01-10 00:00:00,Ozone (O₃) µg/m³,58.099636
Sparta,2023-01-10 08:00:00,Ozone (O₃) µg/m³,69.597984
Sparta,2023-01-10 16:00:00,Ozone (O₃) µg/m³,59.421345
Sparta,2023-01-11 00:00:00,Ozone (O₃) µg/m³,45.722492
Sparta,2023-01-11 08:00:00,Ozone (O₃) µg/m³,62.154495
Sparta,2023-01-11 16:00:00,Ozone (O₃) µg/m³,43.419853
Sparta,2023-01-12 00:00:00,Ozone (O₃) µg/m³,35.463
Sparta,2023-01-12 08:00:00,Ozone (O₃) µg/m³,60.404617
Sparta,2023-01-12 16:00:00,Ozone (O₃) µg/m³,39.976295
Sparta,2023-01-13 00:00:00,Ozone (O₃) µg/m³,36.439842
Sparta,2023-01-13 08:00:00,Ozone (O₃) µg/m³,67.94967
Sparta,2023-01-13 16:00:00,Ozone (O₃) µg/m³,44.37363
Sparta,2023-01-14 00:00:00,Ozone (O₃) µg/m³,39.60882
Sparta,2023-01-14 08:00:00,Ozone (O₃) µg/m³,64.66353
Sparta,2023-01-14 16:00:00,Ozone (O₃) µg/m³,42.751907
Sparta,2023-01-15 00:00:00,Ozone (O₃) µg/m³,40.511192
Sparta,2023-01-15 08:00:00,Ozone (O₃) µg/m³,60.72166
Sparta,2023-01-15 16:00:00,Ozone (O₃) µg/m³,40.553993
Sparta,2023-01-16 00:00:00,Ozone (O₃) µg/m³,36.212814
Sparta,2023-01-16 08:00:00,Ozone (O₃) µg/m³,67.22662
Sparta,2023-01-16 16:00:00,Ozone (O₃) µg/m³,57.31469
Sparta,2023-01-17 00:00:00,Ozone (O₃) µg/m³,58.8846
Sparta,2023-01-17 08:00:00,Ozone (O₃) µg/m³,72.78853
Sparta,2023-01-17 16:00:00,Ozone (O₃) µg/m³,64.13697
Sparta,2023-01-18 00:00:00,Ozone (O₃) µg/m³,57.798668
Sparta,2023-01-18 08:00:00,Ozone (O₃) µg/m³,72.11394
Sparta,2023-01-18 16:00:00,Ozone (O₃) µg/m³,60.15056
Sparta,2023-01-19 00:00:00,Ozone (O₃) µg/m³,55.900505
Sparta,2023-01-19 08:00:00,Ozone (O₃) µg/m³,71.543594
Sparta,2023-01-19 16:00:00,Ozone (O₃) µg/m³,64.334854
Sparta,2023-01-20 00:00:00,Ozone (O₃) µg/m³,63.133835
Sparta,2023-01-20 08:00:00,Ozone (O₃) µg/m³,66.33316
Sparta,2023-01-20 16:00:00,Ozone (O₃) µg/m³,52.09182
Sparta,2023-01-21 00:00:00,Ozone (O₃) µg/m³,54.248455
Sparta,2023-01-21 08:00:00,Ozone (O₃) µg/m³,69.34591
Sparta,2023-01-21 16:00:00,Ozone (O₃) µg/m³,55.98194
Sparta,2023-01-22 00:00:00,Ozone (O₃) µg/m³,46.53216
Sparta,2023-01-22 08:00:00,Ozone (O₃) µg/m³,65.86216
Sparta,2023-01-22 16:00:00,Ozone (O₃) µg/m³,59.73593
Sparta,2023-01-23 00:00:00,Ozone (O₃) µg/m³,54.378963
Sparta,2023-01-23 08:00:00,Ozone (O₃) µg/m³,70.91872
Sparta,2023-01-23 16:00:00,Ozone (O₃) µg/m³,61.661865
Sparta,2023-01-24 00:00:00,Ozone (O₃) µg/m³,52.513245
Sparta,2023-01-24 08:00:00,Ozone (O₃) µg/m³,72.92774
Sparta,2023-01-24 16:00:00,Ozone (O₃) µg/m³,55.45848
Sparta,2023-01-25 00:00:00,Ozone (O₃) µg/m³,43.00383
Sparta,2023-01-25 08:00:00,Ozone (O₃) µg/m³,56.32647
Sparta,2023-01-25 16:00:00,Ozone (O₃) µg/m³,50.301323
Sparta,2023-01-26 00:00:00,Ozone (O₃) µg/m³,49.889397
Sparta,2023-01-26 08:00:00,Ozone (O₃) µg/m³,57.60298
Sparta,2023-01-26 16:00:00,Ozone (O₃) µg/m³,42.759346
Sparta,2023-01-27 00:00:00,Ozone (O₃) µg/m³,49.750774
Sparta,2023-01-27 08:00:00,Ozone (O₃) µg/m³,71.66414
Sparta,2023-01-27 16:00:00,Ozone (O₃) µg/m³,53.971893
Sparta,2023-01-28 00:00:00,Ozone (O₃) µg/m³,42.278946
Sparta,2023-01-28 08:00:00,Ozone (O₃) µg/m³,71.25368
Sparta,2023-01-28 16:00:00,Ozone (O₃) µg/m³,53.15307
Sparta,2023-01-29 00:00:00,Ozone (O₃) µg/m³,42.36
Sparta,2023-01-29 08:00:00,Ozone (O₃) µg/m³,59.448303
Sparta,2023-01-29 16:00:00,Ozone (O₃) µg/m³,48.7585
Sparta,2023-01-30 00:00:00,Ozone (O₃) µg/m³,46.34632
Sparta,2023-01-30 08:00:00,Ozone (O₃) µg/m³,67.81729
Sparta,2023-01-30 16:00:00,Ozone (O₃) µg/m³,56.11586
Sparta,2023-01-31 00:00:00,Ozone (O₃) µg/m³,50.985638
Sparta,2023-01-31 08:00:00,Ozone (O₃) µg/m³,58.80663
Sparta,2023-01-31 16:00:00,Ozone (O₃) µg/m³,61.769638
Larissa,2023-01-01 00:00:00,Ozone (O₃) µg/m³,19.993961
Larissa,2023-01-01 08:00:00,Ozone (O₃) µg/m³,38.937355
Larissa,2023-01-01 16:00:00,Ozone (O₃) µg/m³,27.16943
Larissa,2023-01-02 00:00:00,Ozone (O₃) µg/m³,22.068678
Larissa,2023-01-02 08:00:00,Ozone (O₃) µg/m³,40.63213
Larissa,2023-01-02 16:00:00,Ozone (O₃) µg/m³,21.51892
Larissa,2023-01-03 00:00:00,Ozone (O₃) µg/m³,21.193827
Larissa,2023-01-03 08:00:00,Ozone (O₃) µg/m³,36.055584
Larissa,2023-01-03 16:00:00,Ozone (O₃) µg/m³,20.111721
Larissa,2023-01-04 00:00:00,Ozone (O₃) µg/m³,19.341969
Larissa,2023-01-04 08:00:00,Ozone (O₃) µg/m³,36.825333
Larissa,2023-01-04 16:00:00,Ozone (O₃) µg/m³,16.85373
Larissa,2023-01-05 00:00:00,Ozone (O₃) µg/m³,15.218035
Larissa,2023-01-05 08:00:00,Ozone (O₃) µg/m³,35.935833
Larissa,2023-01-05 16:00:00,Ozone (O₃) µg/m³,18.647339
Larissa,2023-01-06 00:00:00,Ozone (O₃) µg/m³,20.411453
Larissa,2023-01-06 08:00:00,Ozone (O₃) µg/m³,41.122902
Larissa,2023-01-06 16:00:00,Ozone (O₃) µg/m³,19.631802
Larissa,2023-01-07 00:00:00,Ozone (O₃) µg/m³,20.708858
Larissa,2023-01-07 08:00:00,Ozone (O₃) µg/m³,41.89003
Larissa,2023-01-07 16:00:00,Ozone (O₃) µg/m³,24.399942
Larissa,2023-01-08 00:00:00,Ozone (O₃) µg/m³,23.825754
Larissa,2023-01-08 08:00:00,Ozone (O₃) µg/m³,43.379005
Larissa,2023-01-08 16:00:00,Ozone (O₃) µg/m³,25.528759
Larissa,2023-01-09 00:00:00,Ozone (O₃) µg/m³,23.632652
Larissa,2023-01-09 08:00:00,Ozone (O₃) µg/m³,40.810127
Larissa,2023-01-09 16:00:00,Ozone (O₃) µg/m³,32.705963
Larissa,2023-01-10 00:00:00,Ozone (O₃) µg/m³,43.347885
Larissa,2023-01-10 08:00:00,Ozone (O₃) µg/m³,50.375114
Larissa,2023-01-10 16:00:00,Ozone (O₃) µg/m³,31.27419
Larissa,2023-01-11 00:00:00,Ozone (O₃) µg/m³,21.36887
Larissa,2023-01-11 08:00:00,Ozone (O₃) µg/m³,42.28057
Larissa,2023-01-11 16:00:00,Ozone (O₃) µg/m³,20.336075
Larissa,2023-01-12 00:00:00,Ozone (O₃) µg/m³,14.923627
Larissa,2023-01-12 08:00:00,Ozone (O₃) µg/m³,38.552567
Larissa,2023-01-12 16:00:00,Ozone (O₃) µg/m³,20.38602
Larissa,2023-01-13 00:00:00,Ozone (O₃) µg/m³,16.961548
Larissa,2023-01-13 08:00:00,Ozone (O₃) µg/m³,41.65906
Larissa,2023-01-13 16:00:00,Ozone (O₃) µg/m³,19.296896
Larissa,2023-01-14 00:00:00,Ozone (O₃) µg/m³,18.34998
Larissa,2023-01-14 08:00:00,Ozone (O₃) µg/m³,37.52069
Larissa,2023-01-14 16:00:00,Ozone (O₃) µg/m³,19.530191
Larissa,2023-01-15 00:00:00,Ozone (O₃) µg/m³,15.984792
Larissa,2023-01-15 08:00:00,Ozone (O₃) µg/m³,38.797867
Larissa,2023-01-15 16:00:00,Ozone (O₃) µg/m³,21.538982
Larissa,2023-01-16 00:00:00,Ozone (O₃) µg/m³,20.48044
Larissa,2023-01-16 08:00:00,Ozone (O₃) µg/m³,45.17817
Larissa,2023-01-16 16:00:00,Ozone (O₃) µg/m³,34.133938
Larissa,2023-01-17 00:00:00,Ozone (O₃) µg/m³,39.161175
Larissa,2023-01-17 08:00:00,Ozone (O₃) µg/m³,61.508343
Larissa,2023-01-17 16:00:00,Ozone (O₃) µg/m³,55.474434
Larissa,2023-01-18 00:00:00,Ozone (O₃) µg/m³,59.340828
Larissa,2023-01-18 08:00:00,Ozone (O₃) µg/m³,71.11093
Larissa,2023-01-18 16:00:00,Ozone (O₃) µg/m³,56.778477
Larissa,2023-01-19 00:00:00,Ozone (O₃) µg/m³,41.863274
Larissa,2023-01-19 08:00:00,Ozone (O₃) µg/m³,64.60619
Larissa,2023-01-19 16:00:00,Ozone (O₃) µg/m³,45.93307
Larissa,2023-01-20 00:00:00,Ozone (O₃) µg/m³,48.179688
Larissa,2023-01-20 08:00:00,Ozone (O₃) µg/m³,64.42294
Larissa,2023-01-20 16:00:00,Ozone (O₃) µg/m³,43.651363
Larissa,2023-01-21 00:00:00,Ozone (O₃) µg/m³,47.85302
Larissa,2023-01-21 08:00:00,Ozone (O₃) µg/m³,63.7772
Larissa,2023-01-21 16:00:00,Ozone (O₃) µg/m³,54.05372
Larissa,2023-01-22 00:00:00,Ozone (O₃) µg/m³,28.558247
Larissa,2023-01-22 08:00:00,Ozone (O₃) µg/m³,61.077065
Larissa,2023-01-22 16:00:00,Ozone (O₃) µg/m³,46.890778
Larissa,2023-01-23 00:00:00,Ozone (O₃) µg/m³,40.095615
Larissa,2023-01-23 08:00:00,Ozone (O₃) µg/m³,63.10755
Larissa,2023-01-23 16:00:00,Ozone (O₃) µg/m³,49.084976
Larissa,2023-01-24 00:00:00,Ozone (O₃) µg/m³,44.017265
Larissa,2023-01-24 08:00:00,Ozone (O₃) µg/m³,59.585754
Larissa,2023-01-24 16:00:00,Ozone (O₃) µg/m³,43.79829
Larissa,2023-01-25 00:00:00,Ozone (O₃) µg/m³,41.596504
Larissa,2023-01-25 08:00:00,Ozone (O₃) µg/m³,51.41687
Larissa,2023-01-25 16:00:00,Ozone (O₃) µg/m³,48.665375
Larissa,2023-01-26 00:00:00,Ozone (O₃) µg/m³,45.188038
Larissa,2023-01-26 08:00:00,Ozone (O₃) µg/m³,41.720406
Larissa,2023-01-26 16:00:00,Ozone (O₃) µg/m³,23.941057
Larissa,2023-01-27 00:00:00,Ozone (O₃) µg/m³,22.07822
Larissa,2023-01-27 08:00:00,Ozone (O₃) µg/m³,42.578125
Larissa,2023-01-27 16:00:00,Ozone (O₃) µg/m³,25.03894
Larissa,2023-01-28 00:00:00,Ozone (O₃) µg/m³,17.010822
Larissa,2023-01-28 08:00:00,Ozone (O₃) µg/m³,43.31798
Larissa,2023-01-28 16:00:00,Ozone (O₃) µg/m³,33.189194
Larissa,2023-01-29 00:00:00,Ozone (O₃) µg/m³,26.925735
Larissa,2023-01-29 08:00:00,Ozone (O₃) µg/m³,51.908966
Larissa,2023-01-29 16:00:00,Ozone (O₃) µg/m³,35.581554
Larissa,2023-01-30 00:00:00,Ozone (O₃) µg/m³,31.634434
Larissa,2023-01-30 08:00:00,Ozone (O₃) µg/m³,53.69861
Larissa,2023-01-30 16:00:00,Ozone (O₃) µg/m³,31.22025
Larissa,2023-01-31 00:00:00,Ozone (O₃) µg/m³,23.146112
Larissa,2023-01-31 08:00:00,Ozone (O₃) µg/m³,52.398415
Larissa,2023-01-31 16:00:00,Ozone (O₃) µg/m³,31.970905
Agios Nikolaos,2023-01-01 00:00:00,Ozone (O₃) µg/m³,70.51068
Agios Nikolaos,2023-01-01 08:00:00,Ozone (O₃) µg/m³,74.54549
Agios Nikolaos,2023-01-01 16:00:00,Ozone (O₃) µg/m³,74.896935
Agios Nikolaos,2023-01-02 00:00:00,Ozone (O₃) µg/m³,72.074356
Agios Nikolaos,2023-01-02 08:00:00,Ozone (O₃) µg/m³,75.810104
Agios Nikolaos,2023-01-02 16:00:00,Ozone (O₃) µg/m³,75.18794
Agios Nikolaos,2023-01-03 00:00:00,Ozone (O₃) µg/m³,71.313034
Agios Nikolaos,2023-01-03 08:00:00,Ozone (O₃) µg/m³,75.63469
Agios Nikolaos,2023-01-03 16:00:00,Ozone (O₃) µg/m³,64.05434
Agios Nikolaos,2023-01-04 00:00:00,Ozone (O₃) µg/m³,61.661297
Agios Nikolaos,2023-01-04 08:00:00,Ozone (O₃) µg/m³,72.38338
Agios Nikolaos,2023-01-04 16:00:00,Ozone (O₃) µg/m³,75.774414
Agios Nikolaos,2023-01-05 00:00:00,Ozone (O₃) µg/m³,68.762405
Agios Nikolaos,2023-01-05 08:00:00,Ozone (O₃) µg/m³,64.010475
Agios Nikolaos,2023-01-05 16:00:00,Ozone (O₃) µg/m³,52.463634
Agios Nikolaos,2023-01-06 00:00:00,Ozone (O₃) µg/m³,52.051968
Agios Nikolaos,2023-01-06 08:00:00,Ozone (O₃) µg/m³,68.76622
Agios Nikolaos,2023-01-06 16:00:00,Ozone (O₃) µg/m³,61.781174
Agios Nikolaos,2023-01-07 00:00:00,Ozone (O₃) µg/m³,59.88188
Agios Nikolaos,2023-01-07 08:00:00,Ozone (O₃) µg/m³,75.97719
Agios Nikolaos,2023-01-07 16:00:00,Ozone (O₃) µg/m³,66.53334
Agios Nikolaos,2023-01-08 00:00:00,Ozone (O₃) µg/m³,64.92969
Agios Nikolaos,2023-01-08 08:00:00,Ozone (O₃) µg/m³,76.034996
Agios Nikolaos,2023-01-08 16:00:00,Ozone (O₃) µg/m³,71.74124
Agios Nikolaos,2023-01-09 00:00:00,Ozone (O₃) µg/m³,65.55618
Agios Nikolaos,2023-01-09 08:00:00,Ozone (O₃) µg/m³,71.71977
Agios Nikolaos,2023-01-09 16:00:00,Ozone (O₃) µg/m³,64.6837
Agios Nikolaos,2023-01-10 00:00:00,Ozone (O₃) µg/m³,71.435646
Agios Nikolaos,2023-01-10 08:00:00,Ozone (O₃) µg/m³,77.304184
Agios Nikolaos,2023-01-10 16:00:00,Ozone (O₃) µg/m³,77.501785
Agios Nikolaos,2023-01-11 00:00:00,Ozone (O₃) µg/m³,74.013664
Agios Nikolaos,2023-01-11 08:00:00,Ozone (O₃) µg/m³,69.31253
Agios Nikolaos,2023-01-11 16:00:00,Ozone (O₃) µg/m³,57.557495
Agios Nikolaos,2023-01-12 00:00:00,Ozone (O₃) µg/m³,56.33523
Agios Nikolaos,2023-01-12 08:00:00,Ozone (O₃) µg/m³,67.61456
Agios Nikolaos,2023-01-12 16:00:00,Ozone (O₃) µg/m³,60.315727
Agios Nikolaos,2023-01-13 00:00:00,Ozone (O₃) µg/m³,57.619232
Agios Nikolaos,2023-01-13 08:00:00,Ozone (O₃) µg/m³,58.24285
Agios Nikolaos,2023-01-13 16:00:00,Ozone (O₃) µg/m³,55.4218
Agios Nikolaos,2023-01-14 00:00:00,Ozone (O₃) µg/m³,54.956688
Agios Nikolaos,2023-01-14 08:00:00,Ozone (O₃) µg/m³,72.16468
Agios Nikolaos,2023-01-14 16:00:00,Ozone (O₃) µg/m³,63.898163
Agios Nikolaos,2023-01-15 00:00:00,Ozone (O₃) µg/m³,63.86991
Agios Nikolaos,2023-01-15 08:00:00,Ozone (O₃) µg/m³,73.414024
Agios Nikolaos,2023-01-15 16:00:00,Ozone (O₃) µg/m³,64.10976
Agios Nikolaos,2023-01-16 00:00:00,Ozone (O₃) µg/m³,60.95249
Agios Nikolaos,2023-01-16 08:00:00,Ozone (O₃) µg/m³,69.32408
Agios Nikolaos,2023-01-16 16:00:00,Ozone (O₃) µg/m³,58.545616
Agios Nikolaos,2023-01-17 00:00:00,Ozone (O₃) µg/m³,73.41785
Agios Nikolaos,2023-01-17 08:00:00,Ozone (O₃) µg/m³,82.229126
Agios Nikolaos,2023-01-17 16:00:00,Ozone (O₃) µg/m³,83.1457
Agios Nikolaos,2023-01-18 00:00:00,Ozone (O₃) µg/m³,82.38606
Agios Nikolaos,2023-01-18 08:00:00,Ozone (O₃) µg/m³,81.36275
Agios Nikolaos,2023-01-18 16:00:00,Ozone (O₃) µg/m³,79.53025
Agios Nikolaos,2023-01-19 00:00:00,Ozone (O₃) µg/m³,78.18925
Agios Nikolaos,2023-01-19 08:00:00,Ozone (O₃) µg/m³,82.61522
Agios Nikolaos,2023-01-19 16:00:00,Ozone (O₃) µg/m³,89.88448
Agios Nikolaos,2023-01-20 00:00:00,Ozone (O₃) µg/m³,92.5666
Agios Nikolaos,2023-01-20 08:00:00,Ozone (O₃) µg/m³,77.72499
Agios Nikolaos,2023-01-20 16:00:00,Ozone (O₃) µg/m³,64.906105
Agios Nikolaos,2023-01-21 00:00:00,Ozone (O₃) µg/m³,62.36507
Agios Nikolaos,2023-01-21 08:00:00,Ozone (O₃) µg/m³,81.136795
Agios Nikolaos,2023-01-21 16:00:00,Ozone (O₃) µg/m³,77.84024
Agios Nikolaos,2023-01-22 00:00:00,Ozone (O₃) µg/m³,68.77348
Agios Nikolaos,2023-01-22 08:00:00,Ozone (O₃) µg/m³,81.159325
Agios Nikolaos,2023-01-22 16:00:00,Ozone (O₃) µg/m³,76.06969
Agios Nikolaos,2023-01-23 00:00:00,Ozone (O₃) µg/m³,69.124664
Agios Nikolaos,2023-01-23 08:00:00,Ozone (O₃) µg/m³,78.777176
Agios Nikolaos,2023-01-23 16:00:00,Ozone (O₃) µg/m³,70.00566
Agios Nikolaos,2023-01-24 00:00:00,Ozone (O₃) µg/m³,67.71513
Agios Nikolaos,2023-01-24 08:00:00,Ozone (O₃) µg/m³,79.78403
Agios Nikolaos,2023-01-24 16:00:00,Ozone (O₃) µg/m³,63.171547
Agios Nikolaos,2023-01-25 00:00:00,Ozone (O₃) µg/m³,68.29451
Agios Nikolaos,2023-01-25 08:00:00,Ozone (O₃) µg/m³,81.40401
Agios Nikolaos,2023-01-25 16:00:00,Ozone (O₃) µg/m³,64.47981
Agios Nikolaos,2023-01-26 00:00:00,Ozone (O₃) µg/m³,70.00736
Agios Nikolaos,2023-01-26 08:00:00,Ozone (O₃) µg/m³,81.957886
Agios Nikolaos,2023-01-26 16:00:00,Ozone (O₃) µg/m³,85.67512
Agios Nikolaos,2023-01-27 00:00:00,Ozone (O₃) µg/m³,74.854965
Agios Nikolaos,2023-01-27 08:00:00,Ozone (O₃) µg/m³,78.99561
Agios Nikolaos,2023-01-27 16:00:00,Ozone (O₃) µg/m³,78.583206
Agios Nikolaos,2023-01-28 00:00:00,Ozone (O₃) µg/m³,67.08637
Agios Nikolaos,2023-01-28 08:00:00,Ozone (O₃) µg/m³,69.57233
Agios Nikolaos,2023-01-28 16:00:00,Ozone (O₃) µg/m³,62.43072
Agios Nikolaos,2023-01-29 00:00:00,Ozone (O₃) µg/m³,59.190876
Agios Nikolaos,2023-01-29 08:00:00,Ozone (O₃) µg/m³,74.261444
Agios Nikolaos,2023-01-29 16:00:00,Ozone (O₃) µg/m³,69.80661
Agios Nikolaos,2023-01-30 00:00:00,Ozone (O₃) µg/m³,61.48549
Agios Nikolaos,2023-01-30 08:00:00,Ozone (O₃) µg/m³,70.960464
Agios Nikolaos,2023-01-30 16:00:00,Ozone (O₃) µg/m³,75.06596
Agios Nikolaos,2023-01-31 00:00:00,Ozone (O₃) µg/m³,62.58125
Agios Nikolaos,2023-01-31 08:00:00,Ozone (O₃) µg/m³,70.52835
Agios Nikolaos,2023-01-31 16:00:00,Ozone (O₃) µg/m³,70.53868
Mytilene,2023-01-01 00:00:00,Ozone (O₃) µg/m³,49.931282
Mytilene,2023-01-01 08:00:00,Ozone (O₃) µg/m³,65.65946
Mytilene,2023-01-01 16:00:00,Ozone (O₃) µg/m³,56.647537
Mytilene,2023-01-02 00:00:00,Ozone (O₃) µg/m³,41.438488
Mytilene,2023-01-02 08:00:00,Ozone (O₃) µg/m³,54.13169
Mytilene,2023-01-02 16:00:00,Ozone (O₃) µg/m³,55.365494
Mytilene,2023-01-03 00:00:00,Ozone (O₃) µg/m³,51.531387
Mytilene,2023-01-03 08:00:00,Ozone (O₃) µg/m³,55.727356
Mytilene,2023-01-03 16:00:00,Ozone (O₃) µg/m³,50.00543
Mytilene,2023-01-04 00:00:00,Ozone (O₃) µg/m³,47.9448
Mytilene,2023-01-04 08:00:00,Ozone (O₃) µg/m³,59.85325
Mytilene,2023-01-04 16:00:00,Ozone (O₃) µg/m³,48.86991
Mytilene,2023-01-05 00:00:00,Ozone (O₃) µg/m³,41.61277
Mytilene,2023-01-05 08:00:00,Ozone (O₃) µg/m³,45.971237
Mytilene,2023-01-05 16:00:00,Ozone (O₃) µg/m³,40.518013
Mytilene,2023-01-06 00:00:00,Ozone (O₃) µg/m³,35.06805
Mytilene,2023-01-06 08:00:00,Ozone (O₃) µg/m³,47.027084
Mytilene,2023-01-06 16:00:00,Ozone (O₃) µg/m³,40.575924
Mytilene,2023-01-07 00:00:00,Ozone (O₃) µg/m³,42.399666
Mytilene,2023-01-07 08:00:00,Ozone (O₃) µg/m³,55.223297
Mytilene,2023-01-07 16:00:00,Ozone (O₃) µg/m³,55.69525
Mytilene,2023-01-08 00:00:00,Ozone (O₃) µg/m³,55.176815
Mytilene,2023-01-08 08:00:00,Ozone (O₃) µg/m³,60.494823
Mytilene,2023-01-08 16:00:00,Ozone (O₃) µg/m³,52.833565
Mytilene,2023-01-09 00:00:00,Ozone (O₃) µg/m³,47.754223
Mytilene,2023-01-09 08:00:00,Ozone (O₃) µg/m³,59.42417
Mytilene,2023-01-09 16:00:00,Ozone (O₃) µg/m³,62.23877
Mytilene,2023-01-10 00:00:00,Ozone (O₃) µg/m³,70.82724
Mytilene,2023-01-10 08:00:00,Ozone (O₃) µg/m³,78.58212
Mytilene,2023-01-10 16:00:00,Ozone (O₃) µg/m³,81.50021
Mytilene,2023-01-11 00:00:00,Ozone (O₃) µg/m³,74.63364
Mytilene,2023-01-11 08:00:00,Ozone (O₃) µg/m³,65.046455
Mytilene,2023-01-11 16:00:00,Ozone (O₃) µg/m³,59.904243
Mytilene,2023-01-12 00:00:00,Ozone (O₃) µg/m³,52.641785
Mytilene,2023-01-12 08:00:00,Ozone (O₃) µg/m³,61.142838
Mytilene,2023-01-12 16:00:00,Ozone (O₃) µg/m³,57.317394
Mytilene,2023-01-13 00:00:00,Ozone (O₃) µg/m³,43.00644
Mytilene,2023-01-13 08:00:00,Ozone (O₃) µg/m³,47.09284
Mytilene,2023-01-13 16:00:00,Ozone (O₃) µg/m³,43.552307
Mytilene,2023-01-14 00:00:00,Ozone (O₃) µg/m³,40.95952
Mytilene,2023-01-14 08:00:00,Ozone (O₃) µg/m³,53.67798
Mytilene,2023-01-14 16:00:00,Ozone (O₃) µg/m³,51.755894
Mytilene,2023-01-15 00:00:00,Ozone (O₃) µg/m³,48.39476
Mytilene,2023-01-15 08:00:00,Ozone (O₃) µg/m³,55.951653
Mytilene,2023-01-15 16:00:00,Ozone (O₃) µg/m³,50.619007
Mytilene,2023-01-16 00:00:00,Ozone (O₃) µg/m³,44.44494
Mytilene,2023-01-16 08:00:00,Ozone (O₃) µg/m³,51.060966
Mytilene,2023-01-16 16:00:00,Ozone (O₃) µg/m³,72.42558
Mytilene,2023-01-17 00:00:00,Ozone (O₃) µg/m³,83.2569
Mytilene,2023-01-17 08:00:00,Ozone (O₃) µg/m³,87.88428
Mytilene,2023-01-17 16:00:00,Ozone (O₃) µg/m³,85.88574
Mytilene,2023-01-18 00:00:00,Ozone (O₃) µg/m³,81.85501
Mytilene,2023-01-18 08:00:00,Ozone (O₃) µg/m³,84.68079
Mytilene,2023-01-18 16:00:00,Ozone (O₃) µg/m³,86.06495
Mytilene,2023-01-19 00:00:00,Ozone (O₃) µg/m³,83.15459
Mytilene,2023-01-19 08:00:00,Ozone (O₃) µg/m³,87.88829
Mytilene,2023-01-19 16:00:00,Ozone (O₃) µg/m³,89.368126
Mytilene,2023-01-20 00:00:00,Ozone (O₃) µg/m³,88.448685
Mytilene,2023-01-20 08:00:00,Ozone (O₃) µg/m³,86.10036
Mytilene,2023-01-20 16:00:00,Ozone (O₃) µg/m³,74.84053
Mytilene,2023-01-21 00:00:00,Ozone (O₃) µg/m³,69.85073
Mytilene,2023-01-21 08:00:00,Ozone (O₃) µg/m³,75.20192
Mytilene,2023-01-21 16:00:00,Ozone (O₃) µg/m³,79.72849
Mytilene,2023-01-22 00:00:00,Ozone (O₃) µg/m³,69.95667
Mytilene,2023-01-22 08:00:00,Ozone (O₃) µg/m³,74.29945
Mytilene,2023-01-22 16:00:00,Ozone (O₃) µg/m³,71.74989
Mytilene,2023-01-23 00:00:00,Ozone (O₃) µg/m³,56.420494
Mytilene,2023-01-23 08:00:00,Ozone (O₃) µg/m³,67.22266
Mytilene,2023-01-23 16:00:00,Ozone (O₃) µg/m³,57.119724
Mytilene,2023-01-24 00:00:00,Ozone (O₃) µg/m³,54.848927
Mytilene,2023-01-24 08:00:00,Ozone (O₃) µg/m³,61.38636
Mytilene,2023-01-24 16:00:00,Ozone (O₃) µg/m³,57.503532
Mytilene,2023-01-25 00:00:00,Ozone (O₃) µg/m³,55.588463
Mytilene,2023-01-25 08:00:00,Ozone (O₃) µg/m³,60.272842
Mytilene,2023-01-25 16:00:00,Ozone (O₃) µg/m³,49.93376
Mytilene,2023-01-26 00:00:00,Ozone (O₃) µg/m³,49.97947
Mytilene,2023-01-26 08:00:00,Ozone (O₃) µg/m³,66.70215
Mytilene,2023-01-26 16:00:00,Ozone (O₃) µg/m³,75.9021
Mytilene,2023-01-27 00:00:00,Ozone (O₃) µg/m³,84.265114
Mytilene,2023-01-27 08:00:00,Ozone (O₃) µg/m³,79.23444
Mytilene,2023-01-27 16:00:00,Ozone (O₃) µg/m³,73.59949
Mytilene,2023-01-28 00:00:00,Ozone (O₃) µg/m³,62.02114
Mytilene,2023-01-28 08:00:00,Ozone (O₃) µg/m³,59.369427
Mytilene,2023-01-28 16:00:00,Ozone (O₃) µg/m³,56.082764
Mytilene,2023-01-29 00:00:00,Ozone (O₃) µg/m³,47.61483
Mytilene,2023-01-29 08:00:00,Ozone (O₃) µg/m³,54.69068
Mytilene,2023-01-29 16:00:00,Ozone (O₃) µg/m³,54.661785
Mytilene,2023-01-30 00:00:00,Ozone (O₃) µg/m³,61.06667
Mytilene,2023-01-30 08:00:00,Ozone (O₃) µg/m³,73.64187
Mytilene,2023-01-30 16:00:00,Ozone (O₃) µg/m³,67.28612
Mytilene,2023-01-31 00:00:00,Ozone (O₃) µg/m³,63.313965
Mytilene,2023-01-31 08:00:00,Ozone (O₃) µg/m³,67.93763
Mytilene,2023-01-31 16:00:00,Ozone (O₃) µg/m³,64.49749
Lefkada,2023-01-01 00:00:00,Ozone (O₃) µg/m³,43.164062
Lefkada,2023-01-01 08:00:00,Ozone (O₃) µg/m³,55.88611
Lefkada,2023-01-01 16:00:00,Ozone (O₃) µg/m³,57.36199
Lefkada,2023-01-02 00:00:00,Ozone (O₃) µg/m³,48.397682
Lefkada,2023-01-02 08:00:00,Ozone (O₃) µg/m³,59.658234
Lefkada,2023-01-02 16:00:00,Ozone (O₃) µg/m³,60.5775
Lefkada,2023-01-03 00:00:00,Ozone (O₃) µg/m³,44.1091
Lefkada,2023-01-03 08:00:00,Ozone (O₃) µg/m³,54.51229
Lefkada,2023-01-03 16:00:00,Ozone (O₃) µg/m³,61.017525
Lefkada,2023-01-04 00:00:00,Ozone (O₃) µg/m³,45.14978
Lefkada,2023-01-04 08:00:00,Ozone (O₃) µg/m³,64.72869
Lefkada,2023-01-04 16:00:00,Ozone (O₃) µg/m³,60.380672
Lefkada,2023-01-05 00:00:00,Ozone (O₃) µg/m³,46.50671
Lefkada,2023-01-05 08:00:00,Ozone (O₃) µg/m³,58.043793
Lefkada,2023-01-05 16:00:00,Ozone (O₃) µg/m³,62.176342
Lefkada,2023-01-06 00:00:00,Ozone (O₃) µg/m³,45.530186
Lefkada,2023-01-06 08:00:00,Ozone (O₃) µg/m³,60.37716
Lefkada,2023-01-06 16:00:00,Ozone (O₃) µg/m³,57.865856
Lefkada,2023-01-07 00:00:00,Ozone (O₃) µg/m³,45.56629
Lefkada,2023-01-07 08:00:00,Ozone (O₃) µg/m³,62.169365
Lefkada,2023-01-07 16:00:00,Ozone (O₃) µg/m³,59.37036
Lefkada,2023-01-08 00:00:00,Ozone (O₃) µg/m³,47.144234
Lefkada,2023-01-08 08:00:00,Ozone (O₃) µg/m³,63.5037
Lefkada,2023-01-08 16:00:00,Ozone (O₃) µg/m³,63.99448
Lefkada,2023-01-09 00:00:00,Ozone (O₃) µg/m³,54.359993
Lefkada,2023-01-09 08:00:00,Ozone (O₃) µg/m³,65.66173
Lefkada,2023-01-09 16:00:00,Ozone (O₃) µg/m³,79.53618
Lefkada,2023-01-10 00:00:00,Ozone (O₃) µg/m³,76.87359
Lefkada,2023-01-10 08:00:00,Ozone (O₃) µg/m³,75.01826
Lefkada,2023-01-10 16:00:00,Ozone (O₃) µg/m³,69.134766
Lefkada,2023-01-11 00:00:00,Ozone (O₃) µg/m³,54.44919
Lefkada,2023-01-11 08:00:00,Ozone (O₃) µg/m³,61.308212
Lefkada,2023-01-11 16:00:00,Ozone (O₃) µg/m³,55.958405
Lefkada,2023-01-12 00:00:00,Ozone (O₃) µg/m³,38.714
Lefkada,2023-01-12 08:00:00,Ozone (O₃) µg/m³,54.23596
Lefkada,2023-01-12 16:00:00,Ozone (O₃) µg/m³,53.616093
Lefkada,2023-01-13 00:00:00,Ozone (O₃) µg/m³,38.870262
Lefkada,2023-01-13 08:00:00,Ozone (O₃) µg/m³,60.93619
Lefkada,2023-01-13 16:00:00,Ozone (O₃) µg/m³,57.967983
Lefkada,2023-01-14 00:00:00,Ozone (O₃) µg/m³,45.83621
Lefkada,2023-01-14 08:00:00,Ozone (O₃) µg/m³,63.383976
Lefkada,2023-01-14 16:00:00,Ozone (O₃) µg/m³,61.87052
Lefkada,2023-01-15 00:00:00,Ozone (O₃) µg/m³,46.775387
Lefkada,2023-01-15 08:00:00,Ozone (O₃) µg/m³,59.85073
Lefkada,2023-01-15 16:00:00,Ozone (O₃) µg/m³,62.863747
Lefkada,2023-01-16 00:00:00,Ozone (O₃) µg/m³,51.99433
Lefkada,2023-01-16 08:00:00,Ozone (O₃) µg/m³,72.08582
Lefkada,2023-01-16 16:00:00,Ozone (O₃) µg/m³,88.87236
Lefkada,2023-01-17 00:00:00,Ozone (O₃) µg/m³,78.5704
Lefkada,2023-01-17 08:00:00,Ozone (O₃) µg/m³,80.015
Lefkada,2023-01-17 16:00:00,Ozone (O₃) µg/m³,82.37607
Lefkada,2023-01-18 00:00:00,Ozone (O₃) µg/m³,79.51422
Lefkada,2023-01-18 08:00:00,Ozone (O₃) µg/m³,76.890854
Lefkada,2023-01-18 16:00:00,Ozone (O₃) µg/m³,75.12312
Lefkada,2023-01-19 00:00:00,Ozone (O₃) µg/m³,73.43885
Lefkada,2023-01-19 08:00:00,Ozone (O₃) µg/m³,72.56451
Lefkada,2023-01-19 16:00:00,Ozone (O₃) µg/m³,72.372574
Lefkada,2023-01-20 00:00:00,Ozone (O₃) µg/m³,74.830605
Lefkada,2023-01-20 08:00:00,Ozone (O₃) µg/m³,69.37635
Lefkada,2023-01-20 16:00:00,Ozone (O₃) µg/m³,74.36833
Lefkada,2023-01-21 00:00:00,Ozone (O₃) µg/m³,76.96865
Lefkada,2023-01-21 08:00:00,Ozone (O₃) µg/m³,73.23978
Lefkada,2023-01-21 16:00:00,Ozone (O₃) µg/m³,74.34752
Lefkada,2023-01-22 00:00:00,Ozone (O₃) µg/m³,65.407455
Lefkada,2023-01-22 08:00:00,Ozone (O₃) µg/m³,72.55913
Lefkada,2023-01-22 16:00:00,Ozone (O₃) µg/m³,75.396675
Lefkada,2023-01-23 00:00:00,Ozone (O₃) µg/m³,75.878204
Lefkada,2023-01-23 08:00:00,Ozone (O₃) µg/m³,75.889404
Lefkada,2023-01-23 16:00:00,Ozone (O₃) µg/m³,70.37732
Lefkada,2023-01-24 00:00:00,Ozone (O₃) µg/m³,62.482044
Lefkada,2023-01-24 08:00:00,Ozone (O₃) µg/m³,74.09541
Lefkada,2023-01-24 16:00:00,Ozone (O₃) µg/m³,70.86516
Lefkada,2023-01-25 00:00:00,Ozone (O₃) µg/m³,53.55129
Lefkada,2023-01-25 08:00:00,Ozone (O₃) µg/m³,59.156647
Lefkada,2023-01-25 16:00:00,Ozone (O₃) µg/m³,58.248894
Lefkada,2023-01-26 00:00:00,Ozone (O₃) µg/m³,54.672226
Lefkada,2023-01-26 08:00:00,Ozone (O₃) µg/m³,63.426884
Lefkada,2023-01-26 16:00:00,Ozone (O₃) µg/m³,69.119705
Lefkada,2023-01-27 00:00:00,Ozone (O₃) µg/m³,67.994896
Lefkada,2023-01-27 08:00:00,Ozone (O₃) µg/m³,67.11995
Lefkada,2023-01-27 16:00:00,Ozone (O₃) µg/m³,64.53537
Lefkada,2023-01-28 00:00:00,Ozone (O₃) µg/m³,58.13201
Lefkada,2023-01-28 08:00:00,Ozone (O₃) µg/m³,70.808426
Lefkada,2023-01-28 16:00:00,Ozone (O₃) µg/m³,72.093
Lefkada,2023-01-29 00:00:00,Ozone (O₃) µg/m³,57.55354
Lefkada,2023-01-29 08:00:00,Ozone (O₃) µg/m³,66.251434
Lefkada,2023-01-29 16:00:00,Ozone (O₃) µg/m³,65.48644
Lefkada,2023-01-30 00:00:00,Ozone (O₃) µg/m³,54.93953
Lefkada,2023-01-30 08:00:00,Ozone (O₃) µg/m³,69.12111
Lefkada,2023-01-30 16:00:00,Ozone (O₃) µg/m³,72.12826
Lefkada,2023-01-31 00:00:00,Ozone (O₃) µg/m³,64.24127
Lefkada,2023-01-31 08:00:00,Ozone (O₃) µg/m³,70.249344
Lefkada,2023-01-31 16:00:00,Ozone (O₃) µg/m³,73.363495
Volos,2023-01-01 00:00:00,Ozone (O₃) µg/m³,46.586006
Volos,2023-01-01 08:00:00,Ozone (O₃) µg/m³,50.89879
Volos,2023-01-01 16:00:00,Ozone (O₃) µg/m³,41.855686
Volos,2023-01-02 00:00:00,Ozone (O₃) µg/m³,42.754032
Volos,2023-01-02 08:00:00,Ozone (O₃) µg/m³,44.561527
Volos,2023-01-02 16:00:00,Ozone (O₃) µg/m³,31.144573
Volos,2023-01-03 00:00:00,Ozone (O₃) µg/m³,38.007412
Volos,2023-01-03 08:00:00,Ozone (O₃) µg/m³,41.78946
Volos,2023-01-03 16:00:00,Ozone (O₃) µg/m³,33.720192
Volos,2023-01-04 00:00:00,Ozone (O₃) µg/m³,36.066677
Volos,2023-01-04 08:00:00,Ozone (O₃) µg/m³,46.68862
Volos,2023-01-04 16:00:00,Ozone (O₃) µg/m³,31.827576
Volos,2023-01-05 00:00:00,Ozone (O₃) µg/m³,26.317398
Volos,2023-01-05 08:00:00,Ozone (O₃) µg/m³,42.249306
Volos,2023-01-05 16:00:00,Ozone (O₃) µg/m³,34.808403
Volos,2023-01-06 00:00:00,Ozone (O₃) µg/m³,36.848286
Volos,2023-01-06 08:00:00,Ozone (O₃) µg/m³,51.238644
Volos,2023-01-06 16:00:00,Ozone (O₃) µg/m³,44.87087
Volos,2023-01-07 00:00:00,Ozone (O₃) µg/m³,46.197266
Volos,2023-01-07 08:00:00,Ozone (O₃) µg/m³,53.01062
Volos,2023-01-07 16:00:00,Ozone (O₃) µg/m³,37.674484
Volos,2023-01-08 00:00:00,Ozone (O₃) µg/m³,34.566177
Volos,2023-01-08 08:00:00,Ozone (O₃) µg/m³,46.187996
Volos,2023-01-08 16:00:00,Ozone (O₃) µg/m³,46.678406
Volos,2023-01-09 00:00:00,Ozone (O₃) µg/m³,37.903347
Volos,2023-01-09 08:00:00,Ozone (O₃) µg/m³,45.837795
Volos,2023-01-09 16:00:00,Ozone (O₃) µg/m³,45.95558
Volos,2023-01-10 00:00:00,Ozone (O₃) µg/m³,66.389656
Volos,2023-01-10 08:00:00,Ozone (O₃) µg/m³,63.819744
Volos,2023-01-10 16:00:00,Ozone (O₃) µg/m³,54.5471
Volos,2023-01-11 00:00:00,Ozone (O₃) µg/m³,40.326805
Volos,2023-01-11 08:00:00,Ozone (O₃) µg/m³,48.257687
Volos,2023-01-11 16:00:00,Ozone (O₃) µg/m³,37.02578
Volos,2023-01-12 00:00:00,Ozone (O₃) µg/m³,29.991585
Volos,2023-01-12 08:00:00,Ozone (O₃) µg/m³,42.34189
Volos,2023-01-12 16:00:00,Ozone (O₃) µg/m³,39.595432
Volos,2023-01-13 00:00:00,Ozone (O₃) µg/m³,35.660625
Volos,2023-01-13 08:00:00,Ozone (O₃) µg/m³,46.8326
Volos,2023-01-13 16:00:00,Ozone (O₃) µg/m³,37.0506
Volos,2023-01-14 00:00:00,Ozone (O₃) µg/m³,32.342148
Volos,2023-01-14 08:00:00,Ozone (O₃) µg/m³,38.502434
Volos,2023-01-14 16:00:00,Ozone (O₃) µg/m³,35.80426
Volos,2023-01-15 00:00:00,Ozone (O₃) µg/m³,35.614746
Volos,2023-01-15 08:00:00,Ozone (O₃) µg/m³,39.829323
Volos,2023-01-15 16:00:00,Ozone (O₃) µg/m³,32.14721
Volos,2023-01-16 00:00:00,Ozone (O₃) µg/m³,27.558155
Volos,2023-01-16 08:00:00,Ozone (O₃) µg/m³,45.345383
Volos,2023-01-16 16:00:00,Ozone (O₃) µg/m³,58.584606
Volos,2023-01-17 00:00:00,Ozone (O₃) µg/m³,69.890526
Volos,2023-01-17 08:00:00,Ozone (O₃) µg/m³,70.54141
Volos,2023-01-17 16:00:00,Ozone (O₃) µg/m³,73.16106
Volos,2023-01-18 00:00:00,Ozone (O₃) µg/m³,72.92052
Volos,2023-01-18 08:00:00,Ozone (O₃) µg/m³,76.438705
Volos,2023-01-18 16:00:00,Ozone (O₃) µg/m³,68.47063
Volos,2023-01-19 00:00:00,Ozone (O₃) µg/m³,66.33559
Volos,2023-01-19 08:00:00,Ozone (O₃) µg/m³,73.6038
Volos,2023-01-19 16:00:00,Ozone (O₃) µg/m³,73.83679
Volos,2023-01-20 00:00:00,Ozone (O₃) µg/m³,71.074905
Volos,2023-01-20 08:00:00,Ozone (O₃) µg/m³,66.02257
Volos,2023-01-20 16:00:00,Ozone (O₃) µg/m³,58.088524
Volos,2023-01-21 00:00:00,Ozone (O₃) µg/m³,64.42678
Volos,2023-01-21 08:00:00,Ozone (O₃) µg/m³,72.95974
Volos,2023-01-21 16:00:00,Ozone (O₃) µg/m³,61.175064
Volos,2023-01-22 00:00:00,Ozone (O₃) µg/m³,46.149517
Volos,2023-01-22 08:00:00,Ozone (O₃) µg/m³,63.836395
Volos,2023-01-22 16:00:00,Ozone (O₃) µg/m³,65.52319
Volos,2023-01-23 00:00:00,Ozone (O₃) µg/m³,66.646164
Volos,2023-01-23 08:00:00,Ozone (O₃) µg/m³,74.04797
Volos,2023-01-23 16:00:00,Ozone (O₃) µg/m³,71.64235
Volos,2023-01-24 00:00:00,Ozone (O₃) µg/m³,60.69683
Volos,2023-01-24 08:00:00,Ozone (O₃) µg/m³,55.21024
Volos,2023-01-24 16:00:00,Ozone (O₃) µg/m³,57.30112
Volos,2023-01-25 00:00:00,Ozone (O₃) µg/m³,54.255577
Volos,2023-01-25 08:00:00,Ozone (O₃) µg/m³,51.45125
Volos,2023-01-25 16:00:00,Ozone (O₃) µg/m³,56.91385
Volos,2023-01-26 00:00:00,Ozone (O₃) µg/m³,49.472893
Volos,2023-01-26 08:00:00,Ozone (O₃) µg/m³,41.951504
Volos,2023-01-26 16:00:00,Ozone (O₃) µg/m³,32.23287
Volos,2023-01-27 00:00:00,Ozone (O₃) µg/m³,27.446365
Volos,2023-01-27 08:00:00,Ozone (O₃) µg/m³,40.36228
Volos,2023-01-27 16:00:00,Ozone (O₃) µg/m³,42.684296
Volos,2023-01-28 00:00:00,Ozone (O₃) µg/m³,36.57848
Volos,2023-01-28 08:00:00,Ozone (O₃) µg/m³,50.95678
Volos,2023-01-28 16:00:00,Ozone (O₃) µg/m³,51.328926
Volos,2023-01-29 00:00:00,Ozone (O₃) µg/m³,46.602097
Volos,2023-01-29 08:00:00,Ozone (O₃) µg/m³,56.28131
Volos,2023-01-29 16:00:00,Ozone (O₃) µg/m³,52.90225
Volos,2023-01-30 00:00:00,Ozone (O₃) µg/m³,46.811596
Volos,2023-01-30 08:00:00,Ozone (O₃) µg/m³,58.0501
Volos,2023-01-30 16:00:00,Ozone (O₃) µg/m³,50.364582
Volos,2023-01-31 00:00:00,Ozone (O₃) µg/m³,42.485977
Volos,2023-01-31 08:00:00,Ozone (O₃) µg/m³,61.934746
Volos,2023-01-31 16:00:00,Ozone (O₃) µg/m³,53.556778
Kalamata,2023-01-01 00:00:00,Ozone (O₃) µg/m³,54.932877
Kalamata,2023-01-01 08:00:00,Ozone (O₃) µg/m³,64.256195
Kalamata,2023-01-01 16:00:00,Ozone (O₃) µg/m³,54.21879
Kalamata,2023-01-02 00:00:00,Ozone (O₃) µg/m³,58.79426
Kalamata,2023-01-02 08:00:00,Ozone (O₃) µg/m³,67.719376
Kalamata,2023-01-02 16:00:00,Ozone (O₃) µg/m³,52.920044
Kalamata,2023-01-03 00:00:00,Ozone (O₃) µg/m³,57.08111
Kalamata,2023-01-03 08:00:00,Ozone (O₃) µg/m³,63.349854
Kalamata,2023-01-03 16:00:00,Ozone (O₃) µg/m³,53.907574
Kalamata,2023-01-04 00:00:00,Ozone (O₃) µg/m³,56.65727
Kalamata,2023-01-04 08:00:00,Ozone (O₃) µg/m³,63.07319
Kalamata,2023-01-04 16:00:00,Ozone (O₃) µg/m³,44.936184
Kalamata,2023-01-05 00:00:00,Ozone (O₃) µg/m³,48.405384
Kalamata,2023-01-05 08:00:00,Ozone (O₃) µg/m³,67.76641
Kalamata,2023-01-05 16:00:00,Ozone (O₃) µg/m³,56.835503
Kalamata,2023-01-06 00:00:00,Ozone (O₃) µg/m³,58.960068
Kalamata,2023-01-06 08:00:00,Ozone (O₃) µg/m³,66.01828
Kalamata,2023-01-06 16:00:00,Ozone (O₃) µg/m³,47.72426
Kalamata,2023-01-07 00:00:00,Ozone (O₃) µg/m³,52.508766
Kalamata,2023-01-07 08:00:00,Ozone (O₃) µg/m³,68.30495
Kalamata,2023-01-07 16:00:00,Ozone (O₃) µg/m³,51.957314
Kalamata,2023-01-08 00:00:00,Ozone (O₃) µg/m³,53.515076
Kalamata,2023-01-08 08:00:00,Ozone (O₃) µg/m³,69.99664
Kalamata,2023-01-08 16:00:00,Ozone (O₃) µg/m³,53.18712
Kalamata,2023-01-09 00:00:00,Ozone (O₃) µg/m³,60.67652
Kalamata,2023-01-09 08:00:00,Ozone (O₃) µg/m³,69.39182
Kalamata,2023-01-09 16:00:00,Ozone (O₃) µg/m³,66.93027
Kalamata,2023-01-10 00:00:00,Ozone (O₃) µg/m³,74.6595
Kalamata,2023-01-10 08:00:00,Ozone (O₃) µg/m³,73.4299
Kalamata,2023-01-10 16:00:00,Ozone (O₃) µg/m³,71.49852
Kalamata,2023-01-11 00:00:00,Ozone (O₃) µg/m³,56.788242
Kalamata,2023-01-11 08:00:00,Ozone (O₃) µg/m³,61.132545
Kalamata,2023-01-11 16:00:00,Ozone (O₃) µg/m³,51.968834
Kalamata,2023-01-12 00:00:00,Ozone (O₃) µg/m³,43.43984
Kalamata,2023-01-12 08:00:00,Ozone (O₃) µg/m³,64.33578
Kalamata,2023-01-12 16:00:00,Ozone (O₃) µg/m³,49.269356
Kalamata,2023-01-13 00:00:00,Ozone (O₃) µg/m³,47.94928
Kalamata,2023-01-13 08:00:00,Ozone (O₃) µg/m³,65.81817
Kalamata,2023-01-13 16:00:00,Ozone (O₃) µg/m³,49.40889
Kalamata,2023-01-14 00:00:00,Ozone (O₃) µg/m³,55.07474
Kalamata,2023-01-14 08:00:00,Ozone (O₃) µg/m³,68.14261
Kalamata,2023-01-14 16:00:00,Ozone (O₃) µg/m³,56.206963
Kalamata,2023-01-15 00:00:00,Ozone (O₃) µg/m³,51.5266
Kalamata,2023-01-15 08:00:00,Ozone (O₃) µg/m³,60.96231
Kalamata,2023-01-15 16:00:00,Ozone (O₃) µg/m³,47.07631
Kalamata,2023-01-16 00:00:00,Ozone (O₃) µg/m³,49.618755
Kalamata,2023-01-16 08:00:00,Ozone (O₃) µg/m³,69.876816
Kalamata,2023-01-16 16:00:00,Ozone (O₃) µg/m³,77.26714
Kalamata,2023-01-17 00:00:00,Ozone (O₃) µg/m³,76.52878
Kalamata,2023-01-17 08:00:00,Ozone (O₃) µg/m³,79.752975
Kalamata,2023-01-17 16:00:00,Ozone (O₃) µg/m³,79.23671
Kalamata,2023-01-18 00:00:00,Ozone (O₃) µg/m³,74.49812
Kalamata,2023-01-18 08:00:00,Ozone (O₃) µg/m³,76.80684
Kalamata,2023-01-18 16:00:00,Ozone (O₃) µg/m³,74.13432
Kalamata,2023-01-19 00:00:00,Ozone (O₃) µg/m³,70.85103
Kalamata,2023-01-19 08:00:00,Ozone (O₃) µg/m³,76.57863
Kalamata,2023-01-19 16:00:00,Ozone (O₃) µg/m³,73.75658
Kalamata,2023-01-20 00:00:00,Ozone (O₃) µg/m³,68.86435
Kalamata,2023-01-20 08:00:00,Ozone (O₃) µg/m³,67.67262
Kalamata,2023-01-20 16:00:00,Ozone (O₃) µg/m³,67.8647
Kalamata,2023-01-21 00:00:00,Ozone (O₃) µg/m³,75.434875
Kalamata,2023-01-21 08:00:00,Ozone (O₃) µg/m³,76.14484
Kalamata,2023-01-21 16:00:00,Ozone (O₃) µg/m³,70.052574
Kalamata,2023-01-22 00:00:00,Ozone (O₃) µg/m³,57.973656
Kalamata,2023-01-22 08:00:00,Ozone (O₃) µg/m³,68.058
Kalamata,2023-01-22 16:00:00,Ozone (O₃) µg/m³,70.33136
Kalamata,2023-01-23 00:00:00,Ozone (O₃) µg/m³,68.00475
Kalamata,2023-01-23 08:00:00,Ozone (O₃) µg/m³,77.67979
Kalamata,2023-01-23 16:00:00,Ozone (O₃) µg/m³,65.94656
Kalamata,2023-01-24 00:00:00,Ozone (O₃) µg/m³,64.44353
Kalamata,2023-01-24 08:00:00,Ozone (O₃) µg/m³,76.5518
Kalamata,2023-01-24 16:00:00,Ozone (O₃) µg/m³,65.62602
Kalamata,2023-01-25 00:00:00,Ozone (O₃) µg/m³,63.01957
Kalamata,2023-01-25 08:00:00,Ozone (O₃) µg/m³,57.121887
Kalamata,2023-01-25 16:00:00,Ozone (O₃) µg/m³,60.60629
Kalamata,2023-01-26 00:00:00,Ozone (O₃) µg/m³,67.1264
Kalamata,2023-01-26 08:00:00,Ozone (O₃) µg/m³,72.017975
Kalamata,2023-01-26 16:00:00,Ozone (O₃) µg/m³,58.904194
Kalamata,2023-01-27 00:00:00,Ozone (O₃) µg/m³,67.8908
Kalamata,2023-01-27 08:00:00,Ozone (O₃) µg/m³,76.00226
Kalamata,2023-01-27 16:00:00,Ozone (O₃) µg/m³,63.442192
Kalamata,2023-01-28 00:00:00,Ozone (O₃) µg/m³,54.464294
Kalamata,2023-01-28 08:00:00,Ozone (O₃) µg/m³,74.76732
Kalamata,2023-01-28 16:00:00,Ozone (O₃) µg/m³,65.43403
Kalamata,2023-01-29 00:00:00,Ozone (O₃) µg/m³,55.060097
Kalamata,2023-01-29 08:00:00,Ozone (O₃) µg/m³,64.86893
Kalamata,2023-01-29 16:00:00,Ozone (O₃) µg/m³,52.03443
Kalamata,2023-01-30 00:00:00,Ozone (O₃) µg/m³,51.849323
Kalamata,2023-01-30 08:00:00,Ozone (O₃) µg/m³,72.484406
Kalamata,2023-01-30 16:00:00,Ozone (O₃) µg/m³,69.52746
Kalamata,2023-01-31 00:00:00,Ozone (O₃) µg/m³,61.341522
Kalamata,2023-01-31 08:00:00,Ozone (O₃) µg/m³,62.410603
Kalamata,2023-01-31 16:00:00,Ozone (O₃) µg/m³,64.87062
Xanthi,2023-01-01 00:00:00,Ozone (O₃) µg/m³,39.788666
Xanthi,2023-01-01 08:00:00,Ozone (O₃) µg/m³,44.561306
Xanthi,2023-01-01 16:00:00,Ozone (O₃) µg/m³,35.394978
Xanthi,2023-01-02 00:00:00,Ozone (O₃) µg/m³,39.104904
Xanthi,2023-01-02 08:00:00,Ozone (O₃) µg/m³,39.81431
Xanthi,2023-01-02 16:00:00,Ozone (O₃) µg/m³,36.24707
Xanthi,2023-01-03 00:00:00,Ozone (O₃) µg/m³,39.13082
Xanthi,2023-01-03 08:00:00,Ozone (O₃) µg/m³,36.068615
Xanthi,2023-01-03 16:00:00,Ozone (O₃) µg/m³,35.52471
Xanthi,2023-01-04 00:00:00,Ozone (O₃) µg/m³,43.70028
Xanthi,2023-01-04 08:00:00,Ozone (O₃) µg/m³,39.95286
Xanthi,2023-01-04 16:00:00,Ozone (O₃) µg/m³,31.066273
Xanthi,2023-01-05 00:00:00,Ozone (O₃) µg/m³,30.626709
Xanthi,2023-01-05 08:00:00,Ozone (O₃) µg/m³,42.622818
Xanthi,2023-01-05 16:00:00,Ozone (O₃) µg/m³,36.01616
Xanthi,2023-01-06 00:00:00,Ozone (O₃) µg/m³,43.365562
Xanthi,2023-01-06 08:00:00,Ozone (O₃) µg/m³,42.926315
Xanthi,2023-01-06 16:00:00,Ozone (O₃) µg/m³,35.40024
Xanthi,2023-01-07 00:00:00,Ozone (O₃) µg/m³,43.566727
Xanthi,2023-01-07 08:00:00,Ozone (O₃) µg/m³,49.087723
Xanthi,2023-01-07 16:00:00,Ozone (O₃) µg/m³,40.90445
Xanthi,2023-01-08 00:00:00,Ozone (O₃) µg/m³,45.580643
Xanthi,2023-01-08 08:00:00,Ozone (O₃) µg/m³,43.792755
Xanthi,2023-01-08 16:00:00,Ozone (O₃) µg/m³,41.93313
Xanthi,2023-01-09 00:00:00,Ozone (O₃) µg/m³,45.67981
Xanthi,2023-01-09 08:00:00,Ozone (O₃) µg/m³,38.07721
Xanthi,2023-01-09 16:00:00,Ozone (O₃) µg/m³,29.028055
Xanthi,2023-01-10 00:00:00,Ozone (O₃) µg/m³,47.38942
Xanthi,2023-01-10 08:00:00,Ozone (O₃) µg/m³,60.919918
Xanthi,2023-01-10 16:00:00,Ozone (O₃) µg/m³,49.09551
Xanthi,2023-01-11 00:00:00,Ozone (O₃) µg/m³,44.35839
Xanthi,2023-01-11 08:00:00,Ozone (O₃) µg/m³,49.06228
Xanthi,2023-01-11 16:00:00,Ozone (O₃) µg/m³,39.32115
Xanthi,2023-01-12 00:00:00,Ozone (O₃) µg/m³,30.522818
Xanthi,2023-01-12 08:00:00,Ozone (O₃) µg/m³,35.465134
Xanthi,2023-01-12 16:00:00,Ozone (O₃) µg/m³,24.44762
Xanthi,2023-01-13 00:00:00,Ozone (O₃) µg/m³,28.452961
Xanthi,2023-01-13 08:00:00,Ozone (O₃) µg/m³,39.37626
Xanthi,2023-01-13 16:00:00,Ozone (O₃) µg/m³,33.852337
Xanthi,2023-01-14 00:00:00,Ozone (O₃) µg/m³,34.51371
Xanthi,2023-01-14 08:00:00,Ozone (O₃) µg/m³,35.125
Xanthi,2023-01-14 16:00:00,Ozone (O₃) µg/m³,27.010971
Xanthi,2023-01-15 00:00:00,Ozone (O₃) µg/m³,31.568573
Xanthi,2023-01-15 08:00:00,Ozone (O₃) µg/m³,38.45957
Xanthi,2023-01-15 16:00:00,Ozone (O₃) µg/m³,30.966726
Xanthi,2023-01-16 00:00:00,Ozone (O₃) µg/m³,30.825073
Xanthi,2023-01-16 08:00:00,Ozone (O₃) µg/m³,45.536316
Xanthi,2023-01-16 16:00:00,Ozone (O₃) µg/m³,57.404137
Xanthi,2023-01-17 00:00:00,Ozone (O₃) µg/m³,53.373848
Xanthi,2023-01-17 08:00:00,Ozone (O₃) µg/m³,62.735573
Xanthi,2023-01-17 16:00:00,Ozone (O₃) µg/m³,52.24995
Xanthi,2023-01-18 00:00:00,Ozone (O₃) µg/m³,54.007324
Xanthi,2023-01-18 08:00:00,Ozone (O₃) µg/m³,62.961456
Xanthi,2023-01-18 16:00:00,Ozone (O₃) µg/m³,55.750248
Xanthi,2023-01-19 00:00:00,Ozone (O₃) µg/m³,52.433006
Xanthi,2023-01-19 08:00:00,Ozone (O₃) µg/m³,62.651848
Xanthi,2023-01-19 16:00:00,Ozone (O₃) µg/m³,64.596375
Xanthi,2023-01-20 00:00:00,Ozone (O₃) µg/m³,68.57124
Xanthi,2023-01-20 08:00:00,Ozone (O₃) µg/m³,66.2747
Xanthi,2023-01-20 16:00:00,Ozone (O₃) µg/m³,46.30017
Xanthi,2023-01-21 00:00:00,Ozone (O₃) µg/m³,48.646645
Xanthi,2023-01-21 08:00:00,Ozone (O₃) µg/m³,62.51104
Xanthi,2023-01-21 16:00:00,Ozone (O₃) µg/m³,68.237335
Xanthi,2023-01-22 00:00:00,Ozone (O₃) µg/m³,64.50666
Xanthi,2023-01-22 08:00:00,Ozone (O₃) µg/m³,63.785904
Xanthi,2023-01-22 16:00:00,Ozone (O₃) µg/m³,55.193993
Xanthi,2023-01-23 00:00:00,Ozone (O₃) µg/m³,56.348465
Xanthi,2023-01-23 08:00:00,Ozone (O₃) µg/m³,49.49443
Xanthi,2023-01-23 16:00:00,Ozone (O₃) µg/m³,45.894554
Xanthi,2023-01-24 00:00:00,Ozone (O₃) µg/m³,46.82057
Xanthi,2023-01-24 08:00:00,Ozone (O₃) µg/m³,40.041378
Xanthi,2023-01-24 16:00:00,Ozone (O₃) µg/m³,31.965605
Xanthi,2023-01-25 00:00:00,Ozone (O₃) µg/m³,35.543285
Xanthi,2023-01-25 08:00:00,Ozone (O₃) µg/m³,35.991364
Xanthi,2023-01-25 16:00:00,Ozone (O₃) µg/m³,37.640434
Xanthi,2023-01-26 00:00:00,Ozone (O₃) µg/m³,46.588158
Xanthi,2023-01-26 08:00:00,Ozone (O₃) µg/m³,42.81658
Xanthi,2023-01-26 16:00:00,Ozone (O₃) µg/m³,44.153275
Xanthi,2023-01-27 00:00:00,Ozone (O₃) µg/m³,46.374718
Xanthi,2023-01-27 08:00:00,Ozone (O₃) µg/m³,50.451756
Xanthi,2023-01-27 16:00:00,Ozone (O₃) µg/m³,37.713184
Xanthi,2023-01-28 00:00:00,Ozone (O₃) µg/m³,29.845825
Xanthi,2023-01-28 08:00:00,Ozone (O₃) µg/m³,33.104515
Xanthi,2023-01-28 16:00:00,Ozone (O₃) µg/m³,32.426037
Xanthi,2023-01-29 00:00:00,Ozone (O₃) µg/m³,32.981667
Xanthi,2023-01-29 08:00:00,Ozone (O₃) µg/m³,40.64959
Xanthi,2023-01-29 16:00:00,Ozone (O₃) µg/m³,34.970573
Xanthi,2023-01-30 00:00:00,Ozone (O₃) µg/m³,39.30542
Xanthi,2023-01-30 08:00:00,Ozone (O₃) µg/m³,39.93212
Xanthi,2023-01-30 16:00:00,Ozone (O₃) µg/m³,36.97723
Xanthi,2023-01-31 00:00:00,Ozone (O₃) µg/m³,43.03646
Xanthi,2023-01-31 08:00:00,Ozone (O₃) µg/m³,59.08482
Xanthi,2023-01-31 16:00:00,Ozone (O₃) µg/m³,45.22331
Edessa,2023-01-01 00:00:00,Ozone (O₃) µg/m³,46.787544
Edessa,2023-01-01 08:00:00,Ozone (O₃) µg/m³,58.13927
Edessa,2023-01-01 16:00:00,Ozone (O₃) µg/m³,44.447464
Edessa,2023-01-02 00:00:00,Ozone (O₃) µg/m³,40.75933
Edessa,2023-01-02 08:00:00,Ozone (O₃) µg/m³,45.955658
Edessa,2023-01-02 16:00:00,Ozone (O₃) µg/m³,35.669506
Edessa,2023-01-03 00:00:00,Ozone (O₃) µg/m³,34.529594
Edessa,2023-01-03 08:00:00,Ozone (O₃) µg/m³,41.73888
Edessa,2023-01-03 16:00:00,Ozone (O₃) µg/m³,41.519424
Edessa,2023-01-04 00:00:00,Ozone (O₃) µg/m³,43.242832
Edessa,2023-01-04 08:00:00,Ozone (O₃) µg/m³,44.63616
Edessa,2023-01-04 16:00:00,Ozone (O₃) µg/m³,33.5539
Edessa,2023-01-05 00:00:00,Ozone (O₃) µg/m³,35.28583
Edessa,2023-01-05 08:00:00,Ozone (O₃) µg/m³,38.679123
Edessa,2023-01-05 16:00:00,Ozone (O₃) µg/m³,41.87777
Edessa,2023-01-06 00:00:00,Ozone (O₃) µg/m³,46.92913
Edessa,2023-01-06 08:00:00,Ozone (O₃) µg/m³,57.64061
Edessa,2023-01-06 16:00:00,Ozone (O₃) µg/m³,47.459393
Edessa,2023-01-07 00:00:00,Ozone (O₃) µg/m³,47.124985
Edessa,2023-01-07 08:00:00,Ozone (O₃) µg/m³,56.08632
Edessa,2023-01-07 16:00:00,Ozone (O₃) µg/m³,41.817398
Edessa,2023-01-08 00:00:00,Ozone (O₃) µg/m³,41.747368
Edessa,2023-01-08 08:00:00,Ozone (O₃) µg/m³,51.13428
Edessa,2023-01-08 16:00:00,Ozone (O₃) µg/m³,42.097473
Edessa,2023-01-09 00:00:00,Ozone (O₃) µg/m³,44.141983
Edessa,2023-01-09 08:00:00,Ozone (O₃) µg/m³,52.733925
Edessa,2023-01-09 16:00:00,Ozone (O₃) µg/m³,44.149017
Edessa,2023-01-10 00:00:00,Ozone (O₃) µg/m³,42.39952
Edessa,2023-01-10 08:00:00,Ozone (O₃) µg/m³,51.14302
Edessa,2023-01-10 16:00:00,Ozone (O₃) µg/m³,44.82543
Edessa,2023-01-11 00:00:00,Ozone (O₃) µg/m³,38.43158
Edessa,2023-01-11 08:00:00,Ozone (O₃) µg/m³,40.594093
Edessa,2023-01-11 16:00:00,Ozone (O₃) µg/m³,33.909264
Edessa,2023-01-12 00:00:00,Ozone (O₃) µg/m³,30.392056
Edessa,2023-01-12 08:00:00,Ozone (O₃) µg/m³,48.76447
Edessa,2023-01-12 16:00:00,Ozone (O₃) µg/m³,38.27153
Edessa,2023-01-13 00:00:00,Ozone (O₃) µg/m³,35.242188
Edessa,2023-01-13 08:00:00,Ozone (O₃) µg/m³,45.777626
Edessa,2023-01-13 16:00:00,Ozone (O₃) µg/m³,34.01697
Edessa,2023-01-14 00:00:00,Ozone (O₃) µg/m³,33.99255
Edessa,2023-01-14 08:00:00,Ozone (O₃) µg/m³,42.73451
Edessa,2023-01-14 16:00:00,Ozone (O₃) µg/m³,37.084915
Edessa,2023-01-15 00:00:00,Ozone (O₃) µg/m³,38.43564
Edessa,2023-01-15 08:00:00,Ozone (O₃) µg/m³,53.69663
Edessa,2023-01-15 16:00:00,Ozone (O₃) µg/m³,41.139256
Edessa,2023-01-16 00:00:00,Ozone (O₃) µg/m³,31.371023
Edessa,2023-01-16 08:00:00,Ozone (O₃) µg/m³,46.89718
Edessa,2023-01-16 16:00:00,Ozone (O₃) µg/m³,40.71761
Edessa,2023-01-17 00:00:00,Ozone (O₃) µg/m³,44.10653
Edessa,2023-01-17 08:00:00,Ozone (O₃) µg/m³,50.907173
Edessa,2023-01-17 16:00:00,Ozone (O₃) µg/m³,41.224
Edessa,2023-01-18 00:00:00,Ozone (O₃) µg/m³,41.94339
Edessa,2023-01-18 08:00:00,Ozone (O₃) µg/m³,61.775124
Edessa,2023-01-18 16:00:00,Ozone (O₃) µg/m³,51.37581
Edessa,2023-01-19 00:00:00,Ozone (O₃) µg/m³,44.75463
Edessa,2023-01-19 08:00:00,Ozone (O₃) µg/m³,55.881195
Edessa,2023-01-19 16:00:00,Ozone (O₃) µg/m³,51.08438
Edessa,2023-01-20 00:00:00,Ozone (O₃) µg/m³,49.061623
Edessa,2023-01-20 08:00:00,Ozone (O₃) µg/m³,60.729954
Edessa,2023-01-20 16:00:00,Ozone (O₃) µg/m³,49.342197
Edessa,2023-01-21 00:00:00,Ozone (O₃) µg/m³,44.905342
Edessa,2023-01-21 08:00:00,Ozone (O₃) µg/m³,56.102173
Edessa,2023-01-21 16:00:00,Ozone (O₃) µg/m³,48.800735
Edessa,2023-01-22 00:00:00,Ozone (O₃) µg/m³,48.443443
Edessa,2023-01-22 08:00:00,Ozone (O₃) µg/m³,64.173836
Edessa,2023-01-22 16:00:00,Ozone (O₃) µg/m³,54.12172
Edessa,2023-01-23 00:00:00,Ozone (O₃) µg/m³,52.66272
Edessa,2023-01-23 08:00:00,Ozone (O₃) µg/m³,55.3996
Edessa,2023-01-23 16:00:00,Ozone (O₃) µg/m³,55.134537
Edessa,2023-01-24 00:00:00,Ozone (O₃) µg/m³,56.29905
Edessa,2023-01-24 08:00:00,Ozone (O₃) µg/m³,53.442406
Edessa,2023-01-24 16:00:00,Ozone (O₃) µg/m³,44.153492
Edessa,2023-01-25 00:00:00,Ozone (O₃) µg/m³,43.411255
Edessa,2023-01-25 08:00:00,Ozone (O₃) µg/m³,44.10018
Edessa,2023-01-25 16:00:00,Ozone (O₃) µg/m³,39.251297
Edessa,2023-01-26 00:00:00,Ozone (O₃) µg/m³,37.58928
Edessa,2023-01-26 08:00:00,Ozone (O₃) µg/m³,43.98525
Edessa,2023-01-26 16:00:00,Ozone (O₃) µg/m³,43.105488
Edessa,2023-01-27 00:00:00,Ozone (O₃) µg/m³,38.60566
Edessa,2023-01-27 08:00:00,Ozone (O₃) µg/m³,37.209003
Edessa,2023-01-27 16:00:00,Ozone (O₃) µg/m³,32.813744
Edessa,2023-01-28 00:00:00,Ozone (O₃) µg/m³,35.90722
Edessa,2023-01-28 08:00:00,Ozone (O₃) µg/m³,49.788414
Edessa,2023-01-28 16:00:00,Ozone (O₃) µg/m³,40.305893
Edessa,2023-01-29 00:00:00,Ozone (O₃) µg/m³,42.263245
Edessa,2023-01-29 08:00:00,Ozone (O₃) µg/m³,50.895134
Edessa,2023-01-29 16:00:00,Ozone (O₃) µg/m³,43.608925
Edessa,2023-01-30 00:00:00,Ozone (O₃) µg/m³,41.931095
Edessa,2023-01-30 08:00:00,Ozone (O₃) µg/m³,59.061775
Edessa,2023-01-30 16:00:00,Ozone (O₃) µg/m³,44.600876
Edessa,2023-01-31 00:00:00,Ozone (O₃) µg/m³,47.47084
Edessa,2023-01-31 08:00:00,Ozone (O₃) µg/m³,60.305565
Edessa,2023-01-31 16:00:00,Ozone (O₃) µg/m³,53.18243
Katerini,2023-01-01 00:00:00,Ozone (O₃) µg/m³,38.893738
Katerini,2023-01-01 08:00:00,Ozone (O₃) µg/m³,46.5153
Katerini,2023-01-01 16:00:00,Ozone (O₃) µg/m³,47.282494
Katerini,2023-01-02 00:00:00,Ozone (O₃) µg/m³,44.724083
Katerini,2023-01-02 08:00:00,Ozone (O₃) µg/m³,42.769264
Katerini,2023-01-02 16:00:00,Ozone (O₃) µg/m³,32.76517
Katerini,2023-01-03 00:00:00,Ozone (O₃) µg/m³,39.831688
Katerini,2023-01-03 08:00:00,Ozone (O₃) µg/m³,38.41582
Katerini,2023-01-03 16:00:00,Ozone (O₃) µg/m³,31.532185
Katerini,2023-01-04 00:00:00,Ozone (O₃) µg/m³,39.466515
Katerini,2023-01-04 08:00:00,Ozone (O₃) µg/m³,45.59568
Katerini,2023-01-04 16:00:00,Ozone (O₃) µg/m³,40.297493
Katerini,2023-01-05 00:00:00,Ozone (O₃) µg/m³,39.34481
Katerini,2023-01-05 08:00:00,Ozone (O₃) µg/m³,43.197697
Katerini,2023-01-05 16:00:00,Ozone (O₃) µg/m³,34.539276
Katerini,2023-01-06 00:00:00,Ozone (O₃) µg/m³,40.57698
Katerini,2023-01-06 08:00:00,Ozone (O₃) µg/m³,56.124596
Katerini,2023-01-06 16:00:00,Ozone (O₃) µg/m³,49.747627
Katerini,2023-01-07 00:00:00,Ozone (O₃) µg/m³,54.414856
Katerini,2023-01-07 08:00:00,Ozone (O₃) µg/m³,58.949684
Katerini,2023-01-07 16:00:00,Ozone (O₃) µg/m³,45.45404
Katerini,2023-01-08 00:00:00,Ozone (O₃) µg/m³,53.076836
Katerini,2023-01-08 08:00:00,Ozone (O₃) µg/m³,55.85817
Katerini,2023-01-08 16:00:00,Ozone (O₃) µg/m³,57.10885
Katerini,2023-01-09 00:00:00,Ozone (O₃) µg/m³,61.59316
Katerini,2023-01-09 08:00:00,Ozone (O₃) µg/m³,49.733078
Katerini,2023-01-09 16:00:00,Ozone (O₃) µg/m³,53.828236
Katerini,2023-01-10 00:00:00,Ozone (O₃) µg/m³,50.487747
Katerini,2023-01-10 08:00:00,Ozone (O₃) µg/m³,51.414757
Katerini,2023-01-10 16:00:00,Ozone (O₃) µg/m³,43.336136
Katerini,2023-01-11 00:00:00,Ozone (O₃) µg/m³,45.617634
Katerini,2023-01-11 08:00:00,Ozone (O₃) µg/m³,45.644955
Katerini,2023-01-11 16:00:00,Ozone (O₃) µg/m³,36.59238
Katerini,2023-01-12 00:00:00,Ozone (O₃) µg/m³,37.77818
Katerini,2023-01-12 08:00:00,Ozone (O₃) µg/m³,47.208427
Katerini,2023-01-12 16:00:00,Ozone (O₃) µg/m³,37.698772
Katerini,2023-01-13 00:00:00,Ozone (O₃) µg/m³,43.498863
Katerini,2023-01-13 08:00:00,Ozone (O₃) µg/m³,47.759674
Katerini,2023-01-13 16:00:00,Ozone (O₃) µg/m³,42.736446
Katerini,2023-01-14 00:00:00,Ozone (O₃) µg/m³,43.05335
Katerini,2023-01-14 08:00:00,Ozone (O₃) µg/m³,39.70729
Katerini,2023-01-14 16:00:00,Ozone (O₃) µg/m³,34.079884
Katerini,2023-01-15 00:00:00,Ozone (O₃) µg/m³,45.678978
Katerini,2023-01-15 08:00:00,Ozone (O₃) µg/m³,50.955807
Katerini,2023-01-15 16:00:00,Ozone (O₃) µg/m³,47.2163
Katerini,2023-01-16 00:00:00,Ozone (O₃) µg/m³,49.87987
Katerini,2023-01-16 08:00:00,Ozone (O₃) µg/m³,47.481796
Katerini,2023-01-16 16:00:00,Ozone (O₃) µg/m³,47.321144
Katerini,2023-01-17 00:00:00,Ozone (O₃) µg/m³,64.71497
Katerini,2023-01-17 08:00:00,Ozone (O₃) µg/m³,63.389915
Katerini,2023-01-17 16:00:00,Ozone (O₃) µg/m³,66.83028
Katerini,2023-01-18 00:00:00,Ozone (O₃) µg/m³,69.943695
Katerini,2023-01-18 08:00:00,Ozone (O₃) µg/m³,70.58295
Katerini,2023-01-18 16:00:00,Ozone (O₃) µg/m³,67.78476
Katerini,2023-01-19 00:00:00,Ozone (O₃) µg/m³,63.374535
Katerini,2023-01-19 08:00:00,Ozone (O₃) µg/m³,66.70888
Katerini,2023-01-19 16:00:00,Ozone (O₃) µg/m³,51.8558
Katerini,2023-01-20 00:00:00,Ozone (O₃) µg/m³,65.236694
Katerini,2023-01-20 08:00:00,Ozone (O₃) µg/m³,64.39975
Katerini,2023-01-20 16:00:00,Ozone (O₃) µg/m³,50.247017
Katerini,2023-01-21 00:00:00,Ozone (O₃) µg/m³,57.365746
Katerini,2023-01-21 08:00:00,Ozone (O₃) µg/m³,63.982285
Katerini,2023-01-21 16:00:00,Ozone (O₃) µg/m³,52.58886
Katerini,2023-01-22 00:00:00,Ozone (O₃) µg/m³,46.421738
Katerini,2023-01-22 08:00:00,Ozone (O₃) µg/m³,56.156826
Katerini,2023-01-22 16:00:00,Ozone (O₃) µg/m³,58.320065
Katerini,2023-01-23 00:00:00,Ozone (O₃) µg/m³,63.8603
Katerini,2023-01-23 08:00:00,Ozone (O₃) µg/m³,74.18686
Katerini,2023-01-23 16:00:00,Ozone (O₃) µg/m³,74.38759
Katerini,2023-01-24 00:00:00,Ozone (O₃) µg/m³,70.30304
Katerini,2023-01-24 08:00:00,Ozone (O₃) µg/m³,58.8189
Katerini,2023-01-24 16:00:00,Ozone (O₃) µg/m³,49.185516
Katerini,2023-01-25 00:00:00,Ozone (O₃) µg/m³,53.512154
Katerini,2023-01-25 08:00:00,Ozone (O₃) µg/m³,60.05754
Katerini,2023-01-25 16:00:00,Ozone (O₃) µg/m³,64.93153
Katerini,2023-01-26 00:00:00,Ozone (O₃) µg/m³,52.357925
Katerini,2023-01-26 08:00:00,Ozone (O₃) µg/m³,41.79798
Katerini,2023-01-26 16:00:00,Ozone (O₃) µg/m³,45.04995
Katerini,2023-01-27 00:00:00,Ozone (O₃) µg/m³,44.697823
Katerini,2023-01-27 08:00:00,Ozone (O₃) µg/m³,47.81435
Katerini,2023-01-27 16:00:00,Ozone (O₃) µg/m³,37.38542
Katerini,2023-01-28 00:00:00,Ozone (O₃) µg/m³,36.65025
Katerini,2023-01-28 08:00:00,Ozone (O₃) µg/m³,52.22682
Katerini,2023-01-28 16:00:00,Ozone (O₃) µg/m³,46.522766
Katerini,2023-01-29 00:00:00,Ozone (O₃) µg/m³,45.078945
Katerini,2023-01-29 08:00:00,Ozone (O₃) µg/m³,54.122635
Katerini,2023-01-29 16:00:00,Ozone (O₃) µg/m³,48.543694
Katerini,2023-01-30 00:00:00,Ozone (O₃) µg/m³,48.17404
Katerini,2023-01-30 08:00:00,Ozone (O₃) µg/m³,59.0457
Katerini,2023-01-30 16:00:00,Ozone (O₃) µg/m³,54.14012
Katerini,2023-01-31 00:00:00,Ozone (O₃) µg/m³,50.011383
Katerini,2023-01-31 08:00:00,Ozone (O₃) µg/m³,65.63245
Katerini,2023-01-31 16:00:00,Ozone (O₃) µg/m³,57.587513
Preveza,2023-01-01 00:00:00,Ozone (O₃) µg/m³,33.688164
Preveza,2023-01-01 08:00:00,Ozone (O₃) µg/m³,54.07016
Preveza,2023-01-01 16:00:00,Ozone (O₃) µg/m³,49.75409
Preveza,2023-01-02 00:00:00,Ozone (O₃) µg/m³,37.826122
Preveza,2023-01-02 08:00:00,Ozone (O₃) µg/m³,54.003326
Preveza,2023-01-02 16:00:00,Ozone (O₃) µg/m³,45.94743
Preveza,2023-01-03 00:00:00,Ozone (O₃) µg/m³,40.324673
Preveza,2023-01-03 08:00:00,Ozone (O₃) µg/m³,51.863277
Preveza,2023-01-03 16:00:00,Ozone (O₃) µg/m³,47.98895
Preveza,2023-01-04 00:00:00,Ozone (O₃) µg/m³,41.249207
Preveza,2023-01-04 08:00:00,Ozone (O₃) µg/m³,62.72974
Preveza,2023-01-04 16:00:00,Ozone (O₃) µg/m³,55.469162
Preveza,2023-01-05 00:00:00,Ozone (O₃) µg/m³,36.89534
Preveza,2023-01-05 08:00:00,Ozone (O₃) µg/m³,54.47313
Preveza,2023-01-05 16:00:00,Ozone (O₃) µg/m³,55.362877
Preveza,2023-01-06 00:00:00,Ozone (O₃) µg/m³,40.510185
Preveza,2023-01-06 08:00:00,Ozone (O₃) µg/m³,58.389927
Preveza,2023-01-06 16:00:00,Ozone (O₃) µg/m³,53.733856
Preveza,2023-01-07 00:00:00,Ozone (O₃) µg/m³,38.977844
Preveza,2023-01-07 08:00:00,Ozone (O₃) µg/m³,55.061623
Preveza,2023-01-07 16:00:00,Ozone (O₃) µg/m³,50.28889
Preveza,2023-01-08 00:00:00,Ozone (O₃) µg/m³,39.550983
Preveza,2023-01-08 08:00:00,Ozone (O₃) µg/m³,62.27929
Preveza,2023-01-08 16:00:00,Ozone (O₃) µg/m³,58.46543
Preveza,2023-01-09 00:00:00,Ozone (O₃) µg/m³,47.76279
Preveza,2023-01-09 08:00:00,Ozone (O₃) µg/m³,62.683052
Preveza,2023-01-09 16:00:00,Ozone (O₃) µg/m³,71.115974
Preveza,2023-01-10 00:00:00,Ozone (O₃) µg/m³,75.669754
Preveza,2023-01-10 08:00:00,Ozone (O₃) µg/m³,74.56327
Preveza,2023-01-10 16:00:00,Ozone (O₃) µg/m³,60.61123
Preveza,2023-01-11 00:00:00,Ozone (O₃) µg/m³,47.96872
Preveza,2023-01-11 08:00:00,Ozone (O₃) µg/m³,59.224464
Preveza,2023-01-11 16:00:00,Ozone (O₃) µg/m³,50.116272
Preveza,2023-01-12 00:00:00,Ozone (O₃) µg/m³,32.97111
Preveza,2023-01-12 08:00:00,Ozone (O₃) µg/m³,50.538017
Preveza,2023-01-12 16:00:00,Ozone (O₃) µg/m³,44.78833
Preveza,2023-01-13 00:00:00,Ozone (O₃) µg/m³,33.21901
Preveza,2023-01-13 08:00:00,Ozone (O₃) µg/m³,59.56035
Preveza,2023-01-13 16:00:00,Ozone (O₃) µg/m³,50.732758
Preveza,2023-01-14 00:00:00,Ozone (O₃) µg/m³,37.561565
Preveza,2023-01-14 08:00:00,Ozone (O₃) µg/m³,59.525867
Preveza,2023-01-14 16:00:00,Ozone (O₃) µg/m³,53.99398
Preveza,2023-01-15 00:00:00,Ozone (O₃) µg/m³,41.47058
Preveza,2023-01-15 08:00:00,Ozone (O₃) µg/m³,59.68206
Preveza,2023-01-15 16:00:00,Ozone (O₃) µg/m³,55.679485
Preveza,2023-01-16 00:00:00,Ozone (O₃) µg/m³,42.94378
Preveza,2023-01-16 08:00:00,Ozone (O₃) µg/m³,68.78668
Preveza,2023-01-16 16:00:00,Ozone (O₃) µg/m³,79.76155
Preveza,2023-01-17 00:00:00,Ozone (O₃) µg/m³,76.0974
Preveza,2023-01-17 08:00:00,Ozone (O₃) µg/m³,74.4135
Preveza,2023-01-17 16:00:00,Ozone (O₃) µg/m³,74.58306
Preveza,2023-01-18 00:00:00,Ozone (O₃) µg/m³,73.40876
Preveza,2023-01-18 08:00:00,Ozone (O₃) µg/m³,72.76006
Preveza,2023-01-18 16:00:00,Ozone (O₃) µg/m³,74.38189
Preveza,2023-01-19 00:00:00,Ozone (O₃) µg/m³,72.680565
Preveza,2023-01-19 08:00:00,Ozone (O₃) µg/m³,73.28955
Preveza,2023-01-19 16:00:00,Ozone (O₃) µg/m³,70.65852
Preveza,2023-01-20 00:00:00,Ozone (O₃) µg/m³,73.72643
Preveza,2023-01-20 08:00:00,Ozone (O₃) µg/m³,69.50471
Preveza,2023-01-20 16:00:00,Ozone (O₃) µg/m³,67.1526
Preveza,2023-01-21 00:00:00,Ozone (O₃) µg/m³,76.52021
Preveza,2023-01-21 08:00:00,Ozone (O₃) µg/m³,70.93903
Preveza,2023-01-21 16:00:00,Ozone (O₃) µg/m³,66.49969
Preveza,2023-01-22 00:00:00,Ozone (O₃) µg/m³,59.685944
Preveza,2023-01-22 08:00:00,Ozone (O₃) µg/m³,70.89343
Preveza,2023-01-22 16:00:00,Ozone (O₃) µg/m³,70.433014
Preveza,2023-01-23 00:00:00,Ozone (O₃) µg/m³,70.40344
Preveza,2023-01-23 08:00:00,Ozone (O₃) µg/m³,69.659256
Preveza,2023-01-23 16:00:00,Ozone (O₃) µg/m³,66.125015
Preveza,2023-01-24 00:00:00,Ozone (O₃) µg/m³,59.144794
Preveza,2023-01-24 08:00:00,Ozone (O₃) µg/m³,74.22664
Preveza,2023-01-24 16:00:00,Ozone (O₃) µg/m³,64.89015
Preveza,2023-01-25 00:00:00,Ozone (O₃) µg/m³,53.579163
Preveza,2023-01-25 08:00:00,Ozone (O₃) µg/m³,57.839886
Preveza,2023-01-25 16:00:00,Ozone (O₃) µg/m³,53.891266
Preveza,2023-01-26 00:00:00,Ozone (O₃) µg/m³,53.450962
Preveza,2023-01-26 08:00:00,Ozone (O₃) µg/m³,58.07269
Preveza,2023-01-26 16:00:00,Ozone (O₃) µg/m³,61.478493
Preveza,2023-01-27 00:00:00,Ozone (O₃) µg/m³,55.912598
Preveza,2023-01-27 08:00:00,Ozone (O₃) µg/m³,67.883865
Preveza,2023-01-27 16:00:00,Ozone (O₃) µg/m³,61.18825
Preveza,2023-01-28 00:00:00,Ozone (O₃) µg/m³,46.904915
Preveza,2023-01-28 08:00:00,Ozone (O₃) µg/m³,67.82103
Preveza,2023-01-28 16:00:00,Ozone (O₃) µg/m³,64.99036
Preveza,2023-01-29 00:00:00,Ozone (O₃) µg/m³,52.58518
Preveza,2023-01-29 08:00:00,Ozone (O₃) µg/m³,65.588585
Preveza,2023-01-29 16:00:00,Ozone (O₃) µg/m³,61.86802
Preveza,2023-01-30 00:00:00,Ozone (O₃) µg/m³,53.096317
Preveza,2023-01-30 08:00:00,Ozone (O₃) µg/m³,68.58447
Preveza,2023-01-30 16:00:00,Ozone (O₃) µg/m³,68.47742
Preveza,2023-01-31 00:00:00,Ozone (O₃) µg/m³,56.644073
Preveza,2023-01-31 08:00:00,Ozone (O₃) µg/m³,69.47003
Preveza,2023-01-31 16:00:00,Ozone (O₃) µg/m³,65.205345
Rethymno,2023-01-01 00:00:00,Ozone (O₃) µg/m³,56.98702
Rethymno,2023-01-01 08:00:00,Ozone (O₃) µg/m³,70.586464
Rethymno,2023-01-01 16:00:00,Ozone (O₃) µg/m³,66.94029
Rethymno,2023-01-02 00:00:00,Ozone (O₃) µg/m³,66.362854
Rethymno,2023-01-02 08:00:00,Ozone (O₃) µg/m³,70.718445
Rethymno,2023-01-02 16:00:00,Ozone (O₃) µg/m³,63.96866
Rethymno,2023-01-03 00:00:00,Ozone (O₃) µg/m³,58.240105
Rethymno,2023-01-03 08:00:00,Ozone (O₃) µg/m³,78.4158
Rethymno,2023-01-03 16:00:00,Ozone (O₃) µg/m³,70.743866
Rethymno,2023-01-04 00:00:00,Ozone (O₃) µg/m³,58.390198
Rethymno,2023-01-04 08:00:00,Ozone (O₃) µg/m³,74.897
Rethymno,2023-01-04 16:00:00,Ozone (O₃) µg/m³,70.080505
Rethymno,2023-01-05 00:00:00,Ozone (O₃) µg/m³,65.79045
Rethymno,2023-01-05 08:00:00,Ozone (O₃) µg/m³,66.443954
Rethymno,2023-01-05 16:00:00,Ozone (O₃) µg/m³,50.9935
Rethymno,2023-01-06 00:00:00,Ozone (O₃) µg/m³,49.682198
Rethymno,2023-01-06 08:00:00,Ozone (O₃) µg/m³,70.18501
Rethymno,2023-01-06 16:00:00,Ozone (O₃) µg/m³,63.308052
Rethymno,2023-01-07 00:00:00,Ozone (O₃) µg/m³,53.217
Rethymno,2023-01-07 08:00:00,Ozone (O₃) µg/m³,71.88467
Rethymno,2023-01-07 16:00:00,Ozone (O₃) µg/m³,61.116676
Rethymno,2023-01-08 00:00:00,Ozone (O₃) µg/m³,60.53557
Rethymno,2023-01-08 08:00:00,Ozone (O₃) µg/m³,74.07532
Rethymno,2023-01-08 16:00:00,Ozone (O₃) µg/m³,71.505745
Rethymno,2023-01-09 00:00:00,Ozone (O₃) µg/m³,65.84058
Rethymno,2023-01-09 08:00:00,Ozone (O₃) µg/m³,72.39194
Rethymno,2023-01-09 16:00:00,Ozone (O₃) µg/m³,69.825516
Rethymno,2023-01-10 00:00:00,Ozone (O₃) µg/m³,74.249115
Rethymno,2023-01-10 08:00:00,Ozone (O₃) µg/m³,77.69858
Rethymno,2023-01-10 16:00:00,Ozone (O₃) µg/m³,80.049866
Rethymno,2023-01-11 00:00:00,Ozone (O₃) µg/m³,68.89318
Rethymno,2023-01-11 08:00:00,Ozone (O₃) µg/m³,65.42934
Rethymno,2023-01-11 16:00:00,Ozone (O₃) µg/m³,59.3757
Rethymno,2023-01-12 00:00:00,Ozone (O₃) µg/m³,60.49842
Rethymno,2023-01-12 08:00:00,Ozone (O₃) µg/m³,67.21155
Rethymno,2023-01-12 16:00:00,Ozone (O₃) µg/m³,50.488945
Rethymno,2023-01-13 00:00:00,Ozone (O₃) µg/m³,53.778564
Rethymno,2023-01-13 08:00:00,Ozone (O₃) µg/m³,55.678444
Rethymno,2023-01-13 16:00:00,Ozone (O₃) µg/m³,57.035034
Rethymno,2023-01-14 00:00:00,Ozone (O₃) µg/m³,56.213047
Rethymno,2023-01-14 08:00:00,Ozone (O₃) µg/m³,68.52782
Rethymno,2023-01-14 16:00:00,Ozone (O₃) µg/m³,59.706432
Rethymno,2023-01-15 00:00:00,Ozone (O₃) µg/m³,55.38112
Rethymno,2023-01-15 08:00:00,Ozone (O₃) µg/m³,70.08972
Rethymno,2023-01-15 16:00:00,Ozone (O₃) µg/m³,63.444748
Rethymno,2023-01-16 00:00:00,Ozone (O₃) µg/m³,58.69988
Rethymno,2023-01-16 08:00:00,Ozone (O₃) µg/m³,66.11696
Rethymno,2023-01-16 16:00:00,Ozone (O₃) µg/m³,68.391594
Rethymno,2023-01-17 00:00:00,Ozone (O₃) µg/m³,82.68536
Rethymno,2023-01-17 08:00:00,Ozone (O₃) µg/m³,87.7728
Rethymno,2023-01-17 16:00:00,Ozone (O₃) µg/m³,83.50867
Rethymno,2023-01-18 00:00:00,Ozone (O₃) µg/m³,82.372574
Rethymno,2023-01-18 08:00:00,Ozone (O₃) µg/m³,81.20235
Rethymno,2023-01-18 16:00:00,Ozone (O₃) µg/m³,77.354454
Rethymno,2023-01-19 00:00:00,Ozone (O₃) µg/m³,75.15483
Rethymno,2023-01-19 08:00:00,Ozone (O₃) µg/m³,80.737015
Rethymno,2023-01-19 16:00:00,Ozone (O₃) µg/m³,82.83739
Rethymno,2023-01-20 00:00:00,Ozone (O₃) µg/m³,82.488846
Rethymno,2023-01-20 08:00:00,Ozone (O₃) µg/m³,77.338524
Rethymno,2023-01-20 16:00:00,Ozone (O₃) µg/m³,63.878456
Rethymno,2023-01-21 00:00:00,Ozone (O₃) µg/m³,74.34291
Rethymno,2023-01-21 08:00:00,Ozone (O₃) µg/m³,80.48438
Rethymno,2023-01-21 16:00:00,Ozone (O₃) µg/m³,77.983
Rethymno,2023-01-22 00:00:00,Ozone (O₃) µg/m³,71.10047
Rethymno,2023-01-22 08:00:00,Ozone (O₃) µg/m³,79.097244
Rethymno,2023-01-22 16:00:00,Ozone (O₃) µg/m³,78.49084
Rethymno,2023-01-23 00:00:00,Ozone (O₃) µg/m³,74.7011
Rethymno,2023-01-23 08:00:00,Ozone (O₃) µg/m³,79.93431
Rethymno,2023-01-23 16:00:00,Ozone (O₃) µg/m³,72.72493
Rethymno,2023-01-24 00:00:00,Ozone (O₃) µg/m³,62.220886
Rethymno,2023-01-24 08:00:00,Ozone (O₃) µg/m³,77.167755
Rethymno,2023-01-24 16:00:00,Ozone (O₃) µg/m³,63.096886
Rethymno,2023-01-25 00:00:00,Ozone (O₃) µg/m³,55.68464
Rethymno,2023-01-25 08:00:00,Ozone (O₃) µg/m³,77.259674
Rethymno,2023-01-25 16:00:00,Ozone (O₃) µg/m³,67.14757
Rethymno,2023-01-26 00:00:00,Ozone (O₃) µg/m³,75.42557
Rethymno,2023-01-26 08:00:00,Ozone (O₃) µg/m³,84.84013
Rethymno,2023-01-26 16:00:00,Ozone (O₃) µg/m³,82.211426
Rethymno,2023-01-27 00:00:00,Ozone (O₃) µg/m³,66.539
Rethymno,2023-01-27 08:00:00,Ozone (O₃) µg/m³,84.30702
Rethymno,2023-01-27 16:00:00,Ozone (O₃) µg/m³,80.12451
Rethymno,2023-01-28 00:00:00,Ozone (O₃) µg/m³,61.66958
Rethymno,2023-01-28 08:00:00,Ozone (O₃) µg/m³,71.92041
Rethymno,2023-01-28 16:00:00,Ozone (O₃) µg/m³,65.4191
Rethymno,2023-01-29 00:00:00,Ozone (O₃) µg/m³,57.369785
Rethymno,2023-01-29 08:00:00,Ozone (O₃) µg/m³,76.688965
Rethymno,2023-01-29 16:00:00,Ozone (O₃) µg/m³,69.46385
Rethymno,2023-01-30 00:00:00,Ozone (O₃) µg/m³,58.200546
Rethymno,2023-01-30 08:00:00,Ozone (O₃) µg/m³,64.69361
Rethymno,2023-01-30 16:00:00,Ozone (O₃) µg/m³,69.95511
Rethymno,2023-01-31 00:00:00,Ozone (O₃) µg/m³,65.15104
Rethymno,2023-01-31 08:00:00,Ozone (O₃) µg/m³,70.97577
Rethymno,2023-01-31 16:00:00,Ozone (O₃) µg/m³,71.89244
Komotini,2023-01-01 00:00:00,Ozone (O₃) µg/m³,34.230408
Komotini,2023-01-01 08:00:00,Ozone (O₃) µg/m³,39.87034
Komotini,2023-01-01 16:00:00,Ozone (O₃) µg/m³,29.613892
Komotini,2023-01-02 00:00:00,Ozone (O₃) µg/m³,35.081276
Komotini,2023-01-02 08:00:00,Ozone (O₃) µg/m³,38.093796
Komotini,2023-01-02 16:00:00,Ozone (O₃) µg/m³,29.492188
Komotini,2023-01-03 00:00:00,Ozone (O₃) µg/m³,38.64188
Komotini,2023-01-03 08:00:00,Ozone (O₃) µg/m³,38.20201
Komotini,2023-01-03 16:00:00,Ozone (O₃) µg/m³,31.484732
Komotini,2023-01-04 00:00:00,Ozone (O₃) µg/m³,33.518387
Komotini,2023-01-04 08:00:00,Ozone (O₃) µg/m³,38.094646
Komotini,2023-01-04 16:00:00,Ozone (O₃) µg/m³,25.245605
Komotini,2023-01-05 00:00:00,Ozone (O₃) µg/m³,16.266865
Komotini,2023-01-05 08:00:00,Ozone (O₃) µg/m³,29.018887
Komotini,2023-01-05 16:00:00,Ozone (O₃) µg/m³,29.243706
Komotini,2023-01-06 00:00:00,Ozone (O₃) µg/m³,34.679092
Komotini,2023-01-06 08:00:00,Ozone (O₃) µg/m³,40.821617
Komotini,2023-01-06 16:00:00,Ozone (O₃) µg/m³,36.507656
Komotini,2023-01-07 00:00:00,Ozone (O₃) µg/m³,34.811638
Komotini,2023-01-07 08:00:00,Ozone (O₃) µg/m³,44.11223
Komotini,2023-01-07 16:00:00,Ozone (O₃) µg/m³,33.25279
Komotini,2023-01-08 00:00:00,Ozone (O₃) µg/m³,37.49729
Komotini,2023-01-08 08:00:00,Ozone (O₃) µg/m³,45.234512
Komotini,2023-01-08 16:00:00,Ozone (O₃) µg/m³,33.26874
Komotini,2023-01-09 00:00:00,Ozone (O₃) µg/m³,28.804337
Komotini,2023-01-09 08:00:00,Ozone (O₃) µg/m³,33.77305
Komotini,2023-01-09 16:00:00,Ozone (O₃) µg/m³,26.51384
Komotini,2023-01-10 00:00:00,Ozone (O₃) µg/m³,58.88658
Komotini,2023-01-10 08:00:00,Ozone (O₃) µg/m³,67.70035
Komotini,2023-01-10 16:00:00,Ozone (O₃) µg/m³,51.374687
Komotini,2023-01-11 00:00:00,Ozone (O₃) µg/m³,41.23314
Komotini,2023-01-11 08:00:00,Ozone (O₃) µg/m³,35.993492
Komotini,2023-01-11 16:00:00,Ozone (O₃) µg/m³,33.639114
Komotini,2023-01-12 00:00:00,Ozone (O₃) µg/m³,31.484844
Komotini,2023-01-12 08:00:00,Ozone (O₃) µg/m³,31.191189
Komotini,2023-01-12 16:00:00,Ozone (O₃) µg/m³,26.53064
Komotini,2023-01-13 00:00:00,Ozone (O₃) µg/m³,33.53795
Komotini,2023-01-13 08:00:00,Ozone (O₃) µg/m³,36.23445
Komotini,2023-01-13 16:00:00,Ozone (O₃) µg/m³,31.147972
Komotini,2023-01-14 00:00:00,Ozone (O₃) µg/m³,34.483875
Komotini,2023-01-14 08:00:00,Ozone (O₃) µg/m³,34.684097
Komotini,2023-01-14 16:00:00,Ozone (O₃) µg/m³,29.76635
Komotini,2023-01-15 00:00:00,Ozone (O₃) µg/m³,23.975176
Komotini,2023-01-15 08:00:00,Ozone (O₃) µg/m³,34.817318
Komotini,2023-01-15 16:00:00,Ozone (O₃) µg/m³,31.60385
Komotini,2023-01-16 00:00:00,Ozone (O₃) µg/m³,33.573708
Komotini,2023-01-16 08:00:00,Ozone (O₃) µg/m³,42.170853
Komotini,2023-01-16 16:00:00,Ozone (O₃) µg/m³,51.750546
Komotini,2023-01-17 00:00:00,Ozone (O₃) µg/m³,61.383842
Komotini,2023-01-17 08:00:00,Ozone (O₃) µg/m³,63.47639
Komotini,2023-01-17 16:00:00,Ozone (O₃) µg/m³,65.620895
Komotini,2023-01-18 00:00:00,Ozone (O₃) µg/m³,65.84167
Komotini,2023-01-18 08:00:00,Ozone (O₃) µg/m³,66.29389
Komotini,2023-01-18 16:00:00,Ozone (O₃) µg/m³,70.24947
Komotini,2023-01-19 00:00:00,Ozone (O₃) µg/m³,67.71033
Komotini,2023-01-19 08:00:00,Ozone (O₃) µg/m³,71.31918
Komotini,2023-01-19 16:00:00,Ozone (O₃) µg/m³,71.238976
Komotini,2023-01-20 00:00:00,Ozone (O₃) µg/m³,76.513535
Komotini,2023-01-20 08:00:00,Ozone (O₃) µg/m³,71.57832
Komotini,2023-01-20 16:00:00,Ozone (O₃) µg/m³,51.58362
Komotini,2023-01-21 00:00:00,Ozone (O₃) µg/m³,47.71832
Komotini,2023-01-21 08:00:00,Ozone (O₃) µg/m³,65.19539
Komotini,2023-01-21 16:00:00,Ozone (O₃) µg/m³,64.28927
Komotini,2023-01-22 00:00:00,Ozone (O₃) µg/m³,65.87085
Komotini,2023-01-22 08:00:00,Ozone (O₃) µg/m³,60.66808
Komotini,2023-01-22 16:00:00,Ozone (O₃) µg/m³,52.774055
Komotini,2023-01-23 00:00:00,Ozone (O₃) µg/m³,51.932674
Komotini,2023-01-23 08:00:00,Ozone (O₃) µg/m³,49.189972
Komotini,2023-01-23 16:00:00,Ozone (O₃) µg/m³,46.34988
Komotini,2023-01-24 00:00:00,Ozone (O₃) µg/m³,46.287067
Komotini,2023-01-24 08:00:00,Ozone (O₃) µg/m³,36.757607
Komotini,2023-01-24 16:00:00,Ozone (O₃) µg/m³,32.730553
Komotini,2023-01-25 00:00:00,Ozone (O₃) µg/m³,38.56903
Komotini,2023-01-25 08:00:00,Ozone (O₃) µg/m³,42.700855
Komotini,2023-01-25 16:00:00,Ozone (O₃) µg/m³,38.16913
Komotini,2023-01-26 00:00:00,Ozone (O₃) µg/m³,38.128525
Komotini,2023-01-26 08:00:00,Ozone (O₃) µg/m³,37.036102
Komotini,2023-01-26 16:00:00,Ozone (O₃) µg/m³,45.014046
Komotini,2023-01-27 00:00:00,Ozone (O₃) µg/m³,40.7977
Komotini,2023-01-27 08:00:00,Ozone (O₃) µg/m³,37.169525
Komotini,2023-01-27 16:00:00,Ozone (O₃) µg/m³,38.57453
Komotini,2023-01-28 00:00:00,Ozone (O₃) µg/m³,32.49411
Komotini,2023-01-28 08:00:00,Ozone (O₃) µg/m³,34.760612
Komotini,2023-01-28 16:00:00,Ozone (O₃) µg/m³,33.808754
Komotini,2023-01-29 00:00:00,Ozone (O₃) µg/m³,36.124573
Komotini,2023-01-29 08:00:00,Ozone (O₃) µg/m³,38.835793
Komotini,2023-01-29 16:00:00,Ozone (O₃) µg/m³,26.20247
Komotini,2023-01-30 00:00:00,Ozone (O₃) µg/m³,29.0061
Komotini,2023-01-30 08:00:00,Ozone (O₃) µg/m³,38.8043
Komotini,2023-01-30 16:00:00,Ozone (O₃) µg/m³,28.954876
Komotini,2023-01-31 00:00:00,Ozone (O₃) µg/m³,31.90867
Komotini,2023-01-31 08:00:00,Ozone (O₃) µg/m³,55.464874
Komotini,2023-01-31 16:00:00,Ozone (O₃) µg/m³,38.167645
Samos,2023-01-01 00:00:00,Ozone (O₃) µg/m³,43.53334
Samos,2023-01-01 08:00:00,Ozone (O₃) µg/m³,62.115154
Samos,2023-01-01 16:00:00,Ozone (O₃) µg/m³,54.353554
Samos,2023-01-02 00:00:00,Ozone (O₃) µg/m³,54.371094
Samos,2023-01-02 08:00:00,Ozone (O₃) µg/m³,62.24396
Samos,2023-01-02 16:00:00,Ozone (O₃) µg/m³,51.150253
Samos,2023-01-03 00:00:00,Ozone (O₃) µg/m³,45.631767
Samos,2023-01-03 08:00:00,Ozone (O₃) µg/m³,57.2978
Samos,2023-01-03 16:00:00,Ozone (O₃) µg/m³,58.87318
Samos,2023-01-04 00:00:00,Ozone (O₃) µg/m³,38.994358
Samos,2023-01-04 08:00:00,Ozone (O₃) µg/m³,55.70789
Samos,2023-01-04 16:00:00,Ozone (O₃) µg/m³,47.666252
Samos,2023-01-05 00:00:00,Ozone (O₃) µg/m³,34.9373
Samos,2023-01-05 08:00:00,Ozone (O₃) µg/m³,47.460945
Samos,2023-01-05 16:00:00,Ozone (O₃) µg/m³,45.791405
Samos,2023-01-06 00:00:00,Ozone (O₃) µg/m³,36.223488
Samos,2023-01-06 08:00:00,Ozone (O₃) µg/m³,52.10006
Samos,2023-01-06 16:00:00,Ozone (O₃) µg/m³,48.625103
Samos,2023-01-07 00:00:00,Ozone (O₃) µg/m³,44.715065
Samos,2023-01-07 08:00:00,Ozone (O₃) µg/m³,64.37106
Samos,2023-01-07 16:00:00,Ozone (O₃) µg/m³,60.752693
Samos,2023-01-08 00:00:00,Ozone (O₃) µg/m³,59.41996
Samos,2023-01-08 08:00:00,Ozone (O₃) µg/m³,61.70964
Samos,2023-01-08 16:00:00,Ozone (O₃) µg/m³,49.316093
Samos,2023-01-09 00:00:00,Ozone (O₃) µg/m³,57.303585
Samos,2023-01-09 08:00:00,Ozone (O₃) µg/m³,66.97911
Samos,2023-01-09 16:00:00,Ozone (O₃) µg/m³,70.61334
Samos,2023-01-10 00:00:00,Ozone (O₃) µg/m³,79.32554
Samos,2023-01-10 08:00:00,Ozone (O₃) µg/m³,81.93638
Samos,2023-01-10 16:00:00,Ozone (O₃) µg/m³,81.90448
Samos,2023-01-11 00:00:00,Ozone (O₃) µg/m³,80.69357
Samos,2023-01-11 08:00:00,Ozone (O₃) µg/m³,73.37644
Samos,2023-01-11 16:00:00,Ozone (O₃) µg/m³,65.98189
Samos,2023-01-12 00:00:00,Ozone (O₃) µg/m³,55.93672
Samos,2023-01-12 08:00:00,Ozone (O₃) µg/m³,66.37906
Samos,2023-01-12 16:00:00,Ozone (O₃) µg/m³,54.36039
Samos,2023-01-13 00:00:00,Ozone (O₃) µg/m³,46.247746
Samos,2023-01-13 08:00:00,Ozone (O₃) µg/m³,58.32151
Samos,2023-01-13 16:00:00,Ozone (O₃) µg/m³,44.30303
Samos,2023-01-14 00:00:00,Ozone (O₃) µg/m³,31.193768
Samos,2023-01-14 08:00:00,Ozone (O₃) µg/m³,49.57533
Samos,2023-01-14 16:00:00,Ozone (O₃) µg/m³,57.563324
Samos,2023-01-15 00:00:00,Ozone (O₃) µg/m³,44.026505
Samos,2023-01-15 08:00:00,Ozone (O₃) µg/m³,57.59059
Samos,2023-01-15 16:00:00,Ozone (O₃) µg/m³,58.433025
Samos,2023-01-16 00:00:00,Ozone (O₃) µg/m³,45.270138
Samos,2023-01-16 08:00:00,Ozone (O₃) µg/m³,56.133007
Samos,2023-01-16 16:00:00,Ozone (O₃) µg/m³,78.02786
Samos,2023-01-17 00:00:00,Ozone (O₃) µg/m³,78.018105
Samos,2023-01-17 08:00:00,Ozone (O₃) µg/m³,85.53134
Samos,2023-01-17 16:00:00,Ozone (O₃) µg/m³,86.1678
Samos,2023-01-18 00:00:00,Ozone (O₃) µg/m³,86.5957
Samos,2023-01-18 08:00:00,Ozone (O₃) µg/m³,90.28311
Samos,2023-01-18 16:00:00,Ozone (O₃) µg/m³,87.18639
Samos,2023-01-19 00:00:00,Ozone (O₃) µg/m³,87.31212
Samos,2023-01-19 08:00:00,Ozone (O₃) µg/m³,90.787766
Samos,2023-01-19 16:00:00,Ozone (O₃) µg/m³,92.49092
Samos,2023-01-20 00:00:00,Ozone (O₃) µg/m³,93.619675
Samos,2023-01-20 08:00:00,Ozone (O₃) µg/m³,89.6106
Samos,2023-01-20 16:00:00,Ozone (O₃) µg/m³,78.40375
Samos,2023-01-21 00:00:00,Ozone (O₃) µg/m³,73.68903
Samos,2023-01-21 08:00:00,Ozone (O₃) µg/m³,81.73854
Samos,2023-01-21 16:00:00,Ozone (O₃) µg/m³,83.52948
Samos,2023-01-22 00:00:00,Ozone (O₃) µg/m³,76.175125
Samos,2023-01-22 08:00:00,Ozone (O₃) µg/m³,83.287704
Samos,2023-01-22 16:00:00,Ozone (O₃) µg/m³,78.8098
Samos,2023-01-23 00:00:00,Ozone (O₃) µg/m³,66.15869
Samos,2023-01-23 08:00:00,Ozone (O₃) µg/m³,78.421394
Samos,2023-01-23 16:00:00,Ozone (O₃) µg/m³,77.4877
Samos,2023-01-24 00:00:00,Ozone (O₃) µg/m³,67.640854
Samos,2023-01-24 08:00:00,Ozone (O₃) µg/m³,71.29024
Samos,2023-01-24 16:00:00,Ozone (O₃) µg/m³,60.307724
Samos,2023-01-25 00:00:00,Ozone (O₃) µg/m³,49.390846
Samos,2023-01-25 08:00:00,Ozone (O₃) µg/m³,62.595978
Samos,2023-01-25 16:00:00,Ozone (O₃) µg/m³,53.93733
Samos,2023-01-26 00:00:00,Ozone (O₃) µg/m³,58.948235
Samos,2023-01-26 08:00:00,Ozone (O₃) µg/m³,81.15511
Samos,2023-01-26 16:00:00,Ozone (O₃) µg/m³,89.32729
Samos,2023-01-27 00:00:00,Ozone (O₃) µg/m³,91.48067
Samos,2023-01-27 08:00:00,Ozone (O₃) µg/m³,82.54558
Samos,2023-01-27 16:00:00,Ozone (O₃) µg/m³,76.962166
Samos,2023-01-28 00:00:00,Ozone (O₃) µg/m³,75.72388
Samos,2023-01-28 08:00:00,Ozone (O₃) µg/m³,72.3334
Samos,2023-01-28 16:00:00,Ozone (O₃) µg/m³,62.839024
Samos,2023-01-29 00:00:00,Ozone (O₃) µg/m³,54.177258
Samos,2023-01-29 08:00:00,Ozone (O₃) µg/m³,57.54541
Samos,2023-01-29 16:00:00,Ozone (O₃) µg/m³,54.500065
Samos,2023-01-30 00:00:00,Ozone (O₃) µg/m³,48.854256
Samos,2023-01-30 08:00:00,Ozone (O₃) µg/m³,64.79232
Samos,2023-01-30 16:00:00,Ozone (O₃) µg/m³,71.94707
Samos,2023-01-31 00:00:00,Ozone (O₃) µg/m³,63.643677
Samos,2023-01-31 08:00:00,Ozone (O₃) µg/m³,70.63933
Samos,2023-01-31 16:00:00,Ozone (O₃) µg/m³,66.90134
Serres,2023-01-01 00:00:00,Ozone (O₃) µg/m³,27.226913
Serres,2023-01-01 08:00:00,Ozone (O₃) µg/m³,39.10897
Serres,2023-01-01 16:00:00,Ozone (O₃) µg/m³,31.042103
Serres,2023-01-02 00:00:00,Ozone (O₃) µg/m³,28.772903
Serres,2023-01-02 08:00:00,Ozone (O₃) µg/m³,41.59709
Serres,2023-01-02 16:00:00,Ozone (O₃) µg/m³,23.830246
Serres,2023-01-03 00:00:00,Ozone (O₃) µg/m³,27.851799
Serres,2023-01-03 08:00:00,Ozone (O₃) µg/m³,37.413326
Serres,2023-01-03 16:00:00,Ozone (O₃) µg/m³,26.416748
Serres,2023-01-04 00:00:00,Ozone (O₃) µg/m³,25.26033
Serres,2023-01-04 08:00:00,Ozone (O₃) µg/m³,37.0677
Serres,2023-01-04 16:00:00,Ozone (O₃) µg/m³,28.351791
Serres,2023-01-05 00:00:00,Ozone (O₃) µg/m³,25.813404
Serres,2023-01-05 08:00:00,Ozone (O₃) µg/m³,34.400208
Serres,2023-01-05 16:00:00,Ozone (O₃) µg/m³,31.196648
Serres,2023-01-06 00:00:00,Ozone (O₃) µg/m³,31.704653
Serres,2023-01-06 08:00:00,Ozone (O₃) µg/m³,45.27221
Serres,2023-01-06 16:00:00,Ozone (O₃) µg/m³,30.662205
Serres,2023-01-07 00:00:00,Ozone (O₃) µg/m³,27.263247
Serres,2023-01-07 08:00:00,Ozone (O₃) µg/m³,50.539032
Serres,2023-01-07 16:00:00,Ozone (O₃) µg/m³,40.219986
Serres,2023-01-08 00:00:00,Ozone (O₃) µg/m³,36.828377
Serres,2023-01-08 08:00:00,Ozone (O₃) µg/m³,53.951935
Serres,2023-01-08 16:00:00,Ozone (O₃) µg/m³,40.027206
Serres,2023-01-09 00:00:00,Ozone (O₃) µg/m³,36.729347
Serres,2023-01-09 08:00:00,Ozone (O₃) µg/m³,39.6452
Serres,2023-01-09 16:00:00,Ozone (O₃) µg/m³,38.285416
Serres,2023-01-10 00:00:00,Ozone (O₃) µg/m³,53.76881
Serres,2023-01-10 08:00:00,Ozone (O₃) µg/m³,47.37963
Serres,2023-01-10 16:00:00,Ozone (O₃) µg/m³,29.700386
Serres,2023-01-11 00:00:00,Ozone (O₃) µg/m³,25.34732
Serres,2023-01-11 08:00:00,Ozone (O₃) µg/m³,33.539707
Serres,2023-01-11 16:00:00,Ozone (O₃) µg/m³,21.74957
Serres,2023-01-12 00:00:00,Ozone (O₃) µg/m³,21.241821
Serres,2023-01-12 08:00:00,Ozone (O₃) µg/m³,34.607952
Serres,2023-01-12 16:00:00,Ozone (O₃) µg/m³,20.563807
Serres,2023-01-13 00:00:00,Ozone (O₃) µg/m³,17.093796
Serres,2023-01-13 08:00:00,Ozone (O₃) µg/m³,30.677017
Serres,2023-01-13 16:00:00,Ozone (O₃) µg/m³,25.304905
Serres,2023-01-14 00:00:00,Ozone (O₃) µg/m³,25.840004
Serres,2023-01-14 08:00:00,Ozone (O₃) µg/m³,31.704329
Serres,2023-01-14 16:00:00,Ozone (O₃) µg/m³,25.87098
Serres,2023-01-15 00:00:00,Ozone (O₃) µg/m³,23.840073
Serres,2023-01-15 08:00:00,Ozone (O₃) µg/m³,40.28649
Serres,2023-01-15 16:00:00,Ozone (O₃) µg/m³,35.524033
Serres,2023-01-16 00:00:00,Ozone (O₃) µg/m³,33.16265
Serres,2023-01-16 08:00:00,Ozone (O₃) µg/m³,49.38349
Serres,2023-01-16 16:00:00,Ozone (O₃) µg/m³,52.605507
Serres,2023-01-17 00:00:00,Ozone (O₃) µg/m³,57.244656
Serres,2023-01-17 08:00:00,Ozone (O₃) µg/m³,59.125397
Serres,2023-01-17 16:00:00,Ozone (O₃) µg/m³,55.254158
Serres,2023-01-18 00:00:00,Ozone (O₃) µg/m³,58.973022
Serres,2023-01-18 08:00:00,Ozone (O₃) µg/m³,65.38761
Serres,2023-01-18 16:00:00,Ozone (O₃) µg/m³,56.95416
Serres,2023-01-19 00:00:00,Ozone (O₃) µg/m³,57.35678
Serres,2023-01-19 08:00:00,Ozone (O₃) µg/m³,67.46789
Serres,2023-01-19 16:00:00,Ozone (O₃) µg/m³,72.07687
Serres,2023-01-20 00:00:00,Ozone (O₃) µg/m³,70.34558
Serres,2023-01-20 08:00:00,Ozone (O₃) µg/m³,63.149128
Serres,2023-01-20 16:00:00,Ozone (O₃) µg/m³,47.55006
Serres,2023-01-21 00:00:00,Ozone (O₃) µg/m³,52.17613
Serres,2023-01-21 08:00:00,Ozone (O₃) µg/m³,62.95086
Serres,2023-01-21 16:00:00,Ozone (O₃) µg/m³,63.471786
Serres,2023-01-22 00:00:00,Ozone (O₃) µg/m³,43.96006
Serres,2023-01-22 08:00:00,Ozone (O₃) µg/m³,61.823322
Serres,2023-01-22 16:00:00,Ozone (O₃) µg/m³,56.90985
Serres,2023-01-23 00:00:00,Ozone (O₃) µg/m³,63.164104
Serres,2023-01-23 08:00:00,Ozone (O₃) µg/m³,62.202057
Serres,2023-01-23 16:00:00,Ozone (O₃) µg/m³,51.632145
Serres,2023-01-24 00:00:00,Ozone (O₃) µg/m³,53.32746
Serres,2023-01-24 08:00:00,Ozone (O₃) µg/m³,51.93136
Serres,2023-01-24 16:00:00,Ozone (O₃) µg/m³,38.400963
Serres,2023-01-25 00:00:00,Ozone (O₃) µg/m³,35.5437
Serres,2023-01-25 08:00:00,Ozone (O₃) µg/m³,40.97506
Serres,2023-01-25 16:00:00,Ozone (O₃) µg/m³,34.946686
Serres,2023-01-26 00:00:00,Ozone (O₃) µg/m³,38.811157
Serres,2023-01-26 08:00:00,Ozone (O₃) µg/m³,43.584656
Serres,2023-01-26 16:00:00,Ozone (O₃) µg/m³,37.5438
Serres,2023-01-27 00:00:00,Ozone (O₃) µg/m³,29.455833
Serres,2023-01-27 08:00:00,Ozone (O₃) µg/m³,35.486755
Serres,2023-01-27 16:00:00,Ozone (O₃) µg/m³,24.27136
Serres,2023-01-28 00:00:00,Ozone (O₃) µg/m³,24.155157
Serres,2023-01-28 08:00:00,Ozone (O₃) µg/m³,37.459534
Serres,2023-01-28 16:00:00,Ozone (O₃) µg/m³,25.015087
Serres,2023-01-29 00:00:00,Ozone (O₃) µg/m³,23.231157
Serres,2023-01-29 08:00:00,Ozone (O₃) µg/m³,38.678177
Serres,2023-01-29 16:00:00,Ozone (O₃) µg/m³,28.558607
Serres,2023-01-30 00:00:00,Ozone (O₃) µg/m³,21.953156
Serres,2023-01-30 08:00:00,Ozone (O₃) µg/m³,52.08191
Serres,2023-01-30 16:00:00,Ozone (O₃) µg/m³,40.02832
Serres,2023-01-31 00:00:00,Ozone (O₃) µg/m³,32.124653
Serres,2023-01-31 08:00:00,Ozone (O₃) µg/m³,55.041122
Serres,2023-01-31 16:00:00,Ozone (O₃) µg/m³,45.93707
Trikala,2023-01-01 00:00:00,Ozone (O₃) µg/m³,26.91455
Trikala,2023-01-01 08:00:00,Ozone (O₃) µg/m³,43.487206
Trikala,2023-01-01 16:00:00,Ozone (O₃) µg/m³,32.74816
Trikala,2023-01-02 00:00:00,Ozone (O₃) µg/m³,28.618074
Trikala,2023-01-02 08:00:00,Ozone (O₃) µg/m³,42.755505
Trikala,2023-01-02 16:00:00,Ozone (O₃) µg/m³,25.389631
Trikala,2023-01-03 00:00:00,Ozone (O₃) µg/m³,29.161695
Trikala,2023-01-03 08:00:00,Ozone (O₃) µg/m³,38.041084
Trikala,2023-01-03 16:00:00,Ozone (O₃) µg/m³,26.769852
Trikala,2023-01-04 00:00:00,Ozone (O₃) µg/m³,26.382225
Trikala,2023-01-04 08:00:00,Ozone (O₃) µg/m³,40.88651
Trikala,2023-01-04 16:00:00,Ozone (O₃) µg/m³,20.050526
Trikala,2023-01-05 00:00:00,Ozone (O₃) µg/m³,22.566244
Trikala,2023-01-05 08:00:00,Ozone (O₃) µg/m³,38.39256
Trikala,2023-01-05 16:00:00,Ozone (O₃) µg/m³,31.111996
Trikala,2023-01-06 00:00:00,Ozone (O₃) µg/m³,35.217358
Trikala,2023-01-06 08:00:00,Ozone (O₃) µg/m³,51.073086
Trikala,2023-01-06 16:00:00,Ozone (O₃) µg/m³,30.509089
Trikala,2023-01-07 00:00:00,Ozone (O₃) µg/m³,29.004517
Trikala,2023-01-07 08:00:00,Ozone (O₃) µg/m³,50.445053
Trikala,2023-01-07 16:00:00,Ozone (O₃) µg/m³,31.917723
Trikala,2023-01-08 00:00:00,Ozone (O₃) µg/m³,29.110554
Trikala,2023-01-08 08:00:00,Ozone (O₃) µg/m³,45.71173
Trikala,2023-01-08 16:00:00,Ozone (O₃) µg/m³,28.799273
Trikala,2023-01-09 00:00:00,Ozone (O₃) µg/m³,34.779663
Trikala,2023-01-09 08:00:00,Ozone (O₃) µg/m³,45.58682
Trikala,2023-01-09 16:00:00,Ozone (O₃) µg/m³,31.789766
Trikala,2023-01-10 00:00:00,Ozone (O₃) µg/m³,37.02588
Trikala,2023-01-10 08:00:00,Ozone (O₃) µg/m³,50.12516
Trikala,2023-01-10 16:00:00,Ozone (O₃) µg/m³,40.65014
Trikala,2023-01-11 00:00:00,Ozone (O₃) µg/m³,31.28395
Trikala,2023-01-11 08:00:00,Ozone (O₃) µg/m³,46.604095
Trikala,2023-01-11 16:00:00,Ozone (O₃) µg/m³,22.452621
Trikala,2023-01-12 00:00:00,Ozone (O₃) µg/m³,21.26473
Trikala,2023-01-12 08:00:00,Ozone (O₃) µg/m³,42.93718
Trikala,2023-01-12 16:00:00,Ozone (O₃) µg/m³,23.454128
Trikala,2023-01-13 00:00:00,Ozone (O₃) µg/m³,24.757492
Trikala,2023-01-13 08:00:00,Ozone (O₃) µg/m³,50.747177
Trikala,2023-01-13 16:00:00,Ozone (O₃) µg/m³,25.379433
Trikala,2023-01-14 00:00:00,Ozone (O₃) µg/m³,23.247192
Trikala,2023-01-14 08:00:00,Ozone (O₃) µg/m³,43.150642
Trikala,2023-01-14 16:00:00,Ozone (O₃) µg/m³,27.687191
Trikala,2023-01-15 00:00:00,Ozone (O₃) µg/m³,23.906464
Trikala,2023-01-15 08:00:00,Ozone (O₃) µg/m³,47.441753
Trikala,2023-01-15 16:00:00,Ozone (O₃) µg/m³,35.095703
Trikala,2023-01-16 00:00:00,Ozone (O₃) µg/m³,27.822208
Trikala,2023-01-16 08:00:00,Ozone (O₃) µg/m³,46.99685
Trikala,2023-01-16 16:00:00,Ozone (O₃) µg/m³,33.961067
Trikala,2023-01-17 00:00:00,Ozone (O₃) µg/m³,43.687805
Trikala,2023-01-17 08:00:00,Ozone (O₃) µg/m³,58.563454
Trikala,2023-01-17 16:00:00,Ozone (O₃) µg/m³,52.570267
Trikala,2023-01-18 00:00:00,Ozone (O₃) µg/m³,51.722767
Trikala,2023-01-18 08:00:00,Ozone (O₃) µg/m³,64.782394
Trikala,2023-01-18 16:00:00,Ozone (O₃) µg/m³,43.35038
Trikala,2023-01-19 00:00:00,Ozone (O₃) µg/m³,46.91445
Trikala,2023-01-19 08:00:00,Ozone (O₃) µg/m³,66.84648
Trikala,2023-01-19 16:00:00,Ozone (O₃) µg/m³,45.600735
Trikala,2023-01-20 00:00:00,Ozone (O₃) µg/m³,45.831177
Trikala,2023-01-20 08:00:00,Ozone (O₃) µg/m³,62.937885
Trikala,2023-01-20 16:00:00,Ozone (O₃) µg/m³,38.97924
Trikala,2023-01-21 00:00:00,Ozone (O₃) µg/m³,34.508125
Trikala,2023-01-21 08:00:00,Ozone (O₃) µg/m³,61.685295
Trikala,2023-01-21 16:00:00,Ozone (O₃) µg/m³,45.364563
Trikala,2023-01-22 00:00:00,Ozone (O₃) µg/m³,37.271614
Trikala,2023-01-22 08:00:00,Ozone (O₃) µg/m³,61.17105
Trikala,2023-01-22 16:00:00,Ozone (O₃) µg/m³,43.554893
Trikala,2023-01-23 00:00:00,Ozone (O₃) µg/m³,34.82077
Trikala,2023-01-23 08:00:00,Ozone (O₃) µg/m³,42.19569
Trikala,2023-01-23 16:00:00,Ozone (O₃) µg/m³,36.846767
Trikala,2023-01-24 00:00:00,Ozone (O₃) µg/m³,37.329285
Trikala,2023-01-24 08:00:00,Ozone (O₃) µg/m³,60.44287
Trikala,2023-01-24 16:00:00,Ozone (O₃) µg/m³,43.026024
Trikala,2023-01-25 00:00:00,Ozone (O₃) µg/m³,43.19004
Trikala,2023-01-25 08:00:00,Ozone (O₃) µg/m³,45.802483
Trikala,2023-01-25 16:00:00,Ozone (O₃) µg/m³,40.835938
Trikala,2023-01-26 00:00:00,Ozone (O₃) µg/m³,42.96761
Trikala,2023-01-26 08:00:00,Ozone (O₃) µg/m³,45.862484
Trikala,2023-01-26 16:00:00,Ozone (O₃) µg/m³,30.775078
Trikala,2023-01-27 00:00:00,Ozone (O₃) µg/m³,35.912666
Trikala,2023-01-27 08:00:00,Ozone (O₃) µg/m³,39.420685
Trikala,2023-01-27 16:00:00,Ozone (O₃) µg/m³,26.75128
Trikala,2023-01-28 00:00:00,Ozone (O₃) µg/m³,29.317215
Trikala,2023-01-28 08:00:00,Ozone (O₃) µg/m³,52.76278
Trikala,2023-01-28 16:00:00,Ozone (O₃) µg/m³,36.966354
Trikala,2023-01-29 00:00:00,Ozone (O₃) µg/m³,31.694843
Trikala,2023-01-29 08:00:00,Ozone (O₃) µg/m³,55.35252
Trikala,2023-01-29 16:00:00,Ozone (O₃) µg/m³,36.66819
Trikala,2023-01-30 00:00:00,Ozone (O₃) µg/m³,35.743797
Trikala,2023-01-30 08:00:00,Ozone (O₃) µg/m³,55.119526
Trikala,2023-01-30 16:00:00,Ozone (O₃) µg/m³,43.385033
Trikala,2023-01-31 00:00:00,Ozone (O₃) µg/m³,42.873524
Trikala,2023-01-31 08:00:00,Ozone (O₃) µg/m³,58.175938
Trikala,2023-01-31 16:00:00,Ozone (O₃) µg/m³,45.549896
Lamia,2023-01-01 00:00:00,Ozone (O₃) µg/m³,40.090363
Lamia,2023-01-01 08:00:00,Ozone (O₃) µg/m³,59.84024
Lamia,2023-01-01 16:00:00,Ozone (O₃) µg/m³,44.207657
Lamia,2023-01-02 00:00:00,Ozone (O₃) µg/m³,44.101208
Lamia,2023-01-02 08:00:00,Ozone (O₃) µg/m³,59.24096
Lamia,2023-01-02 16:00:00,Ozone (O₃) µg/m³,38.336075
Lamia,2023-01-03 00:00:00,Ozone (O₃) µg/m³,39.30523
Lamia,2023-01-03 08:00:00,Ozone (O₃) µg/m³,56.707714
Lamia,2023-01-03 16:00:00,Ozone (O₃) µg/m³,36.717087
Lamia,2023-01-04 00:00:00,Ozone (O₃) µg/m³,35.431435
Lamia,2023-01-04 08:00:00,Ozone (O₃) µg/m³,49.08172
Lamia,2023-01-04 16:00:00,Ozone (O₃) µg/m³,26.740723
Lamia,2023-01-05 00:00:00,Ozone (O₃) µg/m³,26.531342
Lamia,2023-01-05 08:00:00,Ozone (O₃) µg/m³,48.744812
Lamia,2023-01-05 16:00:00,Ozone (O₃) µg/m³,32.41518
Lamia,2023-01-06 00:00:00,Ozone (O₃) µg/m³,38.32183
Lamia,2023-01-06 08:00:00,Ozone (O₃) µg/m³,55.345707
Lamia,2023-01-06 16:00:00,Ozone (O₃) µg/m³,35.52943
Lamia,2023-01-07 00:00:00,Ozone (O₃) µg/m³,30.84
Lamia,2023-01-07 08:00:00,Ozone (O₃) µg/m³,52.87889
Lamia,2023-01-07 16:00:00,Ozone (O₃) µg/m³,34.61282
Lamia,2023-01-08 00:00:00,Ozone (O₃) µg/m³,32.06649
Lamia,2023-01-08 08:00:00,Ozone (O₃) µg/m³,57.35491
Lamia,2023-01-08 16:00:00,Ozone (O₃) µg/m³,32.555378
Lamia,2023-01-09 00:00:00,Ozone (O₃) µg/m³,29.701103
Lamia,2023-01-09 08:00:00,Ozone (O₃) µg/m³,51.7046
Lamia,2023-01-09 16:00:00,Ozone (O₃) µg/m³,33.773087
Lamia,2023-01-10 00:00:00,Ozone (O₃) µg/m³,46.47602
Lamia,2023-01-10 08:00:00,Ozone (O₃) µg/m³,56.485634
Lamia,2023-01-10 16:00:00,Ozone (O₃) µg/m³,46.88195
Lamia,2023-01-11 00:00:00,Ozone (O₃) µg/m³,38.77063
Lamia,2023-01-11 08:00:00,Ozone (O₃) µg/m³,54.04335
Lamia,2023-01-11 16:00:00,Ozone (O₃) µg/m³,30.987213
Lamia,2023-01-12 00:00:00,Ozone (O₃) µg/m³,25.080399
Lamia,2023-01-12 08:00:00,Ozone (O₃) µg/m³,46.476013
Lamia,2023-01-12 16:00:00,Ozone (O₃) µg/m³,28.074432
Lamia,2023-01-13 00:00:00,Ozone (O₃) µg/m³,27.21359
Lamia,2023-01-13 08:00:00,Ozone (O₃) µg/m³,53.445175
Lamia,2023-01-13 16:00:00,Ozone (O₃) µg/m³,28.879387
Lamia,2023-01-14 00:00:00,Ozone (O₃) µg/m³,31.50565
Lamia,2023-01-14 08:00:00,Ozone (O₃) µg/m³,53.201202
Lamia,2023-01-14 16:00:00,Ozone (O₃) µg/m³,33.866024
Lamia,2023-01-15 00:00:00,Ozone (O₃) µg/m³,27.495049
Lamia,2023-01-15 08:00:00,Ozone (O₃) µg/m³,45.312218
Lamia,2023-01-15 16:00:00,Ozone (O₃) µg/m³,34.49212
Lamia,2023-01-16 00:00:00,Ozone (O₃) µg/m³,24.076126
Lamia,2023-01-16 08:00:00,Ozone (O₃) µg/m³,49.331146
Lamia,2023-01-16 16:00:00,Ozone (O₃) µg/m³,50.005783
Lamia,2023-01-17 00:00:00,Ozone (O₃) µg/m³,52.77404
Lamia,2023-01-17 08:00:00,Ozone (O₃) µg/m³,64.9103
Lamia,2023-01-17 16:00:00,Ozone (O₃) µg/m³,60.01664
Lamia,2023-01-18 00:00:00,Ozone (O₃) µg/m³,57.089115
Lamia,2023-01-18 08:00:00,Ozone (O₃) µg/m³,70.182846
Lamia,2023-01-18 16:00:00,Ozone (O₃) µg/m³,49.58506
Lamia,2023-01-19 00:00:00,Ozone (O₃) µg/m³,45.692444
Lamia,2023-01-19 08:00:00,Ozone (O₃) µg/m³,66.31256
Lamia,2023-01-19 16:00:00,Ozone (O₃) µg/m³,51.10736
Lamia,2023-01-20 00:00:00,Ozone (O₃) µg/m³,49.18284
Lamia,2023-01-20 08:00:00,Ozone (O₃) µg/m³,63.24345
Lamia,2023-01-20 16:00:00,Ozone (O₃) µg/m³,45.2807
Lamia,2023-01-21 00:00:00,Ozone (O₃) µg/m³,45.00789
Lamia,2023-01-21 08:00:00,Ozone (O₃) µg/m³,66.52704
Lamia,2023-01-21 16:00:00,Ozone (O₃) µg/m³,56.90399
Lamia,2023-01-22 00:00:00,Ozone (O₃) µg/m³,42.48492
Lamia,2023-01-22 08:00:00,Ozone (O₃) µg/m³,64.38339
Lamia,2023-01-22 16:00:00,Ozone (O₃) µg/m³,50.2555
Lamia,2023-01-23 00:00:00,Ozone (O₃) µg/m³,34.489365
Lamia,2023-01-23 08:00:00,Ozone (O₃) µg/m³,63.822353
Lamia,2023-01-23 16:00:00,Ozone (O₃) µg/m³,50.144924
Lamia,2023-01-24 00:00:00,Ozone (O₃) µg/m³,41.152657
Lamia,2023-01-24 08:00:00,Ozone (O₃) µg/m³,63.79343
Lamia,2023-01-24 16:00:00,Ozone (O₃) µg/m³,52.44768
Lamia,2023-01-25 00:00:00,Ozone (O₃) µg/m³,49.554012
Lamia,2023-01-25 08:00:00,Ozone (O₃) µg/m³,49.025272
Lamia,2023-01-25 16:00:00,Ozone (O₃) µg/m³,44.060947
Lamia,2023-01-26 00:00:00,Ozone (O₃) µg/m³,41.319187
Lamia,2023-01-26 08:00:00,Ozone (O₃) µg/m³,38.01186
Lamia,2023-01-26 16:00:00,Ozone (O₃) µg/m³,32.387154
Lamia,2023-01-27 00:00:00,Ozone (O₃) µg/m³,30.3173
Lamia,2023-01-27 08:00:00,Ozone (O₃) µg/m³,44.009716
Lamia,2023-01-27 16:00:00,Ozone (O₃) µg/m³,33.13569
Lamia,2023-01-28 00:00:00,Ozone (O₃) µg/m³,33.037582
Lamia,2023-01-28 08:00:00,Ozone (O₃) µg/m³,57.275703
Lamia,2023-01-28 16:00:00,Ozone (O₃) µg/m³,49.13157
Lamia,2023-01-29 00:00:00,Ozone (O₃) µg/m³,40.768448
Lamia,2023-01-29 08:00:00,Ozone (O₃) µg/m³,53.219498
Lamia,2023-01-29 16:00:00,Ozone (O₃) µg/m³,44.64531
Lamia,2023-01-30 00:00:00,Ozone (O₃) µg/m³,39.511665
Lamia,2023-01-30 08:00:00,Ozone (O₃) µg/m³,57.817924
Lamia,2023-01-30 16:00:00,Ozone (O₃) µg/m³,48.432056
Lamia,2023-01-31 00:00:00,Ozone (O₃) µg/m³,41.617577
Lamia,2023-01-31 08:00:00,Ozone (O₃) µg/m³,61.993195
Lamia,2023-01-31 16:00:00,Ozone (O₃) µg/m³,47.54129
Florina,2023-01-01 00:00:00,Ozone (O₃) µg/m³,44.691395
Florina,2023-01-01 08:00:00,Ozone (O₃) µg/m³,55.751587
Florina,2023-01-01 16:00:00,Ozone (O₃) µg/m³,41.48542
Florina,2023-01-02 00:00:00,Ozone (O₃) µg/m³,47.19258
Florina,2023-01-02 08:00:00,Ozone (O₃) µg/m³,45.41249
Florina,2023-01-02 16:00:00,Ozone (O₃) µg/m³,43.808784
Florina,2023-01-03 00:00:00,Ozone (O₃) µg/m³,46.727272
Florina,2023-01-03 08:00:00,Ozone (O₃) µg/m³,46.65587
Florina,2023-01-03 16:00:00,Ozone (O₃) µg/m³,38.344444
Florina,2023-01-04 00:00:00,Ozone (O₃) µg/m³,38.27669
Florina,2023-01-04 08:00:00,Ozone (O₃) µg/m³,48.89557
Florina,2023-01-04 16:00:00,Ozone (O₃) µg/m³,34.834976
Florina,2023-01-05 00:00:00,Ozone (O₃) µg/m³,29.146042
Florina,2023-01-05 08:00:00,Ozone (O₃) µg/m³,46.30799
Florina,2023-01-05 16:00:00,Ozone (O₃) µg/m³,51.643173
Florina,2023-01-06 00:00:00,Ozone (O₃) µg/m³,49.43996
Florina,2023-01-06 08:00:00,Ozone (O₃) µg/m³,53.75038
Florina,2023-01-06 16:00:00,Ozone (O₃) µg/m³,36.87713
Florina,2023-01-07 00:00:00,Ozone (O₃) µg/m³,40.678467
Florina,2023-01-07 08:00:00,Ozone (O₃) µg/m³,53.55227
Florina,2023-01-07 16:00:00,Ozone (O₃) µg/m³,44.07959
Florina,2023-01-08 00:00:00,Ozone (O₃) µg/m³,46.538486
Florina,2023-01-08 08:00:00,Ozone (O₃) µg/m³,59.288578
Florina,2023-01-08 16:00:00,Ozone (O₃) µg/m³,56.27369
Florina,2023-01-09 00:00:00,Ozone (O₃) µg/m³,58.80517
Florina,2023-01-09 08:00:00,Ozone (O₃) µg/m³,62.275406
Florina,2023-01-09 16:00:00,Ozone (O₃) µg/m³,54.574203
Florina,2023-01-10 00:00:00,Ozone (O₃) µg/m³,54.35924
Florina,2023-01-10 08:00:00,Ozone (O₃) µg/m³,62.493965
Florina,2023-01-10 16:00:00,Ozone (O₃) µg/m³,43.216766
Florina,2023-01-11 00:00:00,Ozone (O₃) µg/m³,29.226553
Florina,2023-01-11 08:00:00,Ozone (O₃) µg/m³,37.64949
Florina,2023-01-11 16:00:00,Ozone (O₃) µg/m³,28.508234
Florina,2023-01-12 00:00:00,Ozone (O₃) µg/m³,29.830723
Florina,2023-01-12 08:00:00,Ozone (O₃) µg/m³,46.50726
Florina,2023-01-12 16:00:00,Ozone (O₃) µg/m³,33.864246
Florina,2023-01-13 00:00:00,Ozone (O₃) µg/m³,41.359352
Florina,2023-01-13 08:00:00,Ozone (O₃) µg/m³,49.311172
Florina,2023-01-13 16:00:00,Ozone (O₃) µg/m³,34.07737
Florina,2023-01-14 00:00:00,Ozone (O₃) µg/m³,37.564857
Florina,2023-01-14 08:00:00,Ozone (O₃) µg/m³,41.78711
Florina,2023-01-14 16:00:00,Ozone (O₃) µg/m³,32.931698
Florina,2023-01-15 00:00:00,Ozone (O₃) µg/m³,39.282063
Florina,2023-01-15 08:00:00,Ozone (O₃) µg/m³,56.230007
Florina,2023-01-15 16:00:00,Ozone (O₃) µg/m³,46.05691
Florina,2023-01-16 00:00:00,Ozone (O₃) µg/m³,46.375977
Florina,2023-01-16 08:00:00,Ozone (O₃) µg/m³,61.30873
Florina,2023-01-16 16:00:00,Ozone (O₃) µg/m³,60.383007
Florina,2023-01-17 00:00:00,Ozone (O₃) µg/m³,63.23942
Florina,2023-01-17 08:00:00,Ozone (O₃) µg/m³,62.152542
Florina,2023-01-17 16:00:00,Ozone (O₃) µg/m³,63.87546
Florina,2023-01-18 00:00:00,Ozone (O₃) µg/m³,63.3227
Florina,2023-01-18 08:00:00,Ozone (O₃) µg/m³,67.44136
Florina,2023-01-18 16:00:00,Ozone (O₃) µg/m³,66.70894
Florina,2023-01-19 00:00:00,Ozone (O₃) µg/m³,65.96549
Florina,2023-01-19 08:00:00,Ozone (O₃) µg/m³,65.724594
Florina,2023-01-19 16:00:00,Ozone (O₃) µg/m³,54.60923
Florina,2023-01-20 00:00:00,Ozone (O₃) µg/m³,58.79986
Florina,2023-01-20 08:00:00,Ozone (O₃) µg/m³,62.539932
Florina,2023-01-20 16:00:00,Ozone (O₃) µg/m³,53.80957
Florina,2023-01-21 00:00:00,Ozone (O₃) µg/m³,56.32498
Florina,2023-01-21 08:00:00,Ozone (O₃) µg/m³,60.05403
Florina,2023-01-21 16:00:00,Ozone (O₃) µg/m³,52.210014
Florina,2023-01-22 00:00:00,Ozone (O₃) µg/m³,50.490803
Florina,2023-01-22 08:00:00,Ozone (O₃) µg/m³,66.304245
Florina,2023-01-22 16:00:00,Ozone (O₃) µg/m³,52.876274
Florina,2023-01-23 00:00:00,Ozone (O₃) µg/m³,50.423233
Florina,2023-01-23 08:00:00,Ozone (O₃) µg/m³,55.31121
Florina,2023-01-23 16:00:00,Ozone (O₃) µg/m³,48.580353
Florina,2023-01-24 00:00:00,Ozone (O₃) µg/m³,45.083035
Florina,2023-01-24 08:00:00,Ozone (O₃) µg/m³,51.7858
Florina,2023-01-24 16:00:00,Ozone (O₃) µg/m³,52.261375
Florina,2023-01-25 00:00:00,Ozone (O₃) µg/m³,40.157913
Florina,2023-01-25 08:00:00,Ozone (O₃) µg/m³,39.93955
Florina,2023-01-25 16:00:00,Ozone (O₃) µg/m³,40.04281
Florina,2023-01-26 00:00:00,Ozone (O₃) µg/m³,38.857864
Florina,2023-01-26 08:00:00,Ozone (O₃) µg/m³,47.635098
Florina,2023-01-26 16:00:00,Ozone (O₃) µg/m³,37.044952
Florina,2023-01-27 00:00:00,Ozone (O₃) µg/m³,29.727062
Florina,2023-01-27 08:00:00,Ozone (O₃) µg/m³,34.679535
Florina,2023-01-27 16:00:00,Ozone (O₃) µg/m³,28.987507
Florina,2023-01-28 00:00:00,Ozone (O₃) µg/m³,31.705929
Florina,2023-01-28 08:00:00,Ozone (O₃) µg/m³,49.92962
Florina,2023-01-28 16:00:00,Ozone (O₃) µg/m³,41.852722
Florina,2023-01-29 00:00:00,Ozone (O₃) µg/m³,40.0626
Florina,2023-01-29 08:00:00,Ozone (O₃) µg/m³,50.908226
Florina,2023-01-29 16:00:00,Ozone (O₃) µg/m³,43.25
Florina,2023-01-30 00:00:00,Ozone (O₃) µg/m³,39.531593
Florina,2023-01-30 08:00:00,Ozone (O₃) µg/m³,58.482513
Florina,2023-01-30 16:00:00,Ozone (O₃) µg/m³,62.07255
Florina,2023-01-31 00:00:00,Ozone (O₃) µg/m³,55.609276
Florina,2023-01-31 08:00:00,Ozone (O₃) µg/m³,61.251648
Florina,2023-01-31 16:00:00,Ozone (O₃) µg/m³,53.773483
Amfissa,2023-01-01 00:00:00,Ozone (O₃) µg/m³,49.093098
Amfissa,2023-01-01 08:00:00,Ozone (O₃) µg/m³,60.267784
Amfissa,2023-01-01 16:00:00,Ozone (O₃) µg/m³,50.17739
Amfissa,2023-01-02 00:00:00,Ozone (O₃) µg/m³,51.35025
Amfissa,2023-01-02 08:00:00,Ozone (O₃) µg/m³,62.220154
Amfissa,2023-01-02 16:00:00,Ozone (O₃) µg/m³,51.48233
Amfissa,2023-01-03 00:00:00,Ozone (O₃) µg/m³,57.727142
Amfissa,2023-01-03 08:00:00,Ozone (O₃) µg/m³,62.153915
Amfissa,2023-01-03 16:00:00,Ozone (O₃) µg/m³,44.22702
Amfissa,2023-01-04 00:00:00,Ozone (O₃) µg/m³,46.55995
Amfissa,2023-01-04 08:00:00,Ozone (O₃) µg/m³,55.608894
Amfissa,2023-01-04 16:00:00,Ozone (O₃) µg/m³,42.25184
Amfissa,2023-01-05 00:00:00,Ozone (O₃) µg/m³,39.870888
Amfissa,2023-01-05 08:00:00,Ozone (O₃) µg/m³,57.16909
Amfissa,2023-01-05 16:00:00,Ozone (O₃) µg/m³,45.726948
Amfissa,2023-01-06 00:00:00,Ozone (O₃) µg/m³,45.413345
Amfissa,2023-01-06 08:00:00,Ozone (O₃) µg/m³,60.50316
Amfissa,2023-01-06 16:00:00,Ozone (O₃) µg/m³,45.460777
Amfissa,2023-01-07 00:00:00,Ozone (O₃) µg/m³,43.79161
Amfissa,2023-01-07 08:00:00,Ozone (O₃) µg/m³,59.086136
Amfissa,2023-01-07 16:00:00,Ozone (O₃) µg/m³,44.3919
Amfissa,2023-01-08 00:00:00,Ozone (O₃) µg/m³,44.42897
Amfissa,2023-01-08 08:00:00,Ozone (O₃) µg/m³,59.024666
Amfissa,2023-01-08 16:00:00,Ozone (O₃) µg/m³,44.2576
Amfissa,2023-01-09 00:00:00,Ozone (O₃) µg/m³,49.15209
Amfissa,2023-01-09 08:00:00,Ozone (O₃) µg/m³,60.345543
Amfissa,2023-01-09 16:00:00,Ozone (O₃) µg/m³,57.831703
Amfissa,2023-01-10 00:00:00,Ozone (O₃) µg/m³,63.835457
Amfissa,2023-01-10 08:00:00,Ozone (O₃) µg/m³,65.15921
Amfissa,2023-01-10 16:00:00,Ozone (O₃) µg/m³,58.899597
Amfissa,2023-01-11 00:00:00,Ozone (O₃) µg/m³,48.409355
Amfissa,2023-01-11 08:00:00,Ozone (O₃) µg/m³,58.50387
Amfissa,2023-01-11 16:00:00,Ozone (O₃) µg/m³,39.20398
Amfissa,2023-01-12 00:00:00,Ozone (O₃) µg/m³,37.0642
Amfissa,2023-01-12 08:00:00,Ozone (O₃) µg/m³,55.089607
Amfissa,2023-01-12 16:00:00,Ozone (O₃) µg/m³,38.779274
Amfissa,2023-01-13 00:00:00,Ozone (O₃) µg/m³,39.034317
Amfissa,2023-01-13 08:00:00,Ozone (O₃) µg/m³,60.097588
Amfissa,2023-01-13 16:00:00,Ozone (O₃) µg/m³,40.81913
Amfissa,2023-01-14 00:00:00,Ozone (O₃) µg/m³,40.23358
Amfissa,2023-01-14 08:00:00,Ozone (O₃) µg/m³,58.22778
Amfissa,2023-01-14 16:00:00,Ozone (O₃) µg/m³,41.106915
Amfissa,2023-01-15 00:00:00,Ozone (O₃) µg/m³,42.976986
Amfissa,2023-01-15 08:00:00,Ozone (O₃) µg/m³,53.153687
Amfissa,2023-01-15 16:00:00,Ozone (O₃) µg/m³,41.155937
Amfissa,2023-01-16 00:00:00,Ozone (O₃) µg/m³,41.90158
Amfissa,2023-01-16 08:00:00,Ozone (O₃) µg/m³,61.3543
Amfissa,2023-01-16 16:00:00,Ozone (O₃) µg/m³,72.270386
Amfissa,2023-01-17 00:00:00,Ozone (O₃) µg/m³,70.021286
Amfissa,2023-01-17 08:00:00,Ozone (O₃) µg/m³,70.441956
Amfissa,2023-01-17 16:00:00,Ozone (O₃) µg/m³,71.76108
Amfissa,2023-01-18 00:00:00,Ozone (O₃) µg/m³,69.0075
Amfissa,2023-01-18 08:00:00,Ozone (O₃) µg/m³,70.51282
Amfissa,2023-01-18 16:00:00,Ozone (O₃) µg/m³,68.9073
Amfissa,2023-01-19 00:00:00,Ozone (O₃) µg/m³,62.46676
Amfissa,2023-01-19 08:00:00,Ozone (O₃) µg/m³,69.56468
Amfissa,2023-01-19 16:00:00,Ozone (O₃) µg/m³,63.596245
Amfissa,2023-01-20 00:00:00,Ozone (O₃) µg/m³,65.20235
Amfissa,2023-01-20 08:00:00,Ozone (O₃) µg/m³,65.08838
Amfissa,2023-01-20 16:00:00,Ozone (O₃) µg/m³,62.136536
Amfissa,2023-01-21 00:00:00,Ozone (O₃) µg/m³,60.447838
Amfissa,2023-01-21 08:00:00,Ozone (O₃) µg/m³,68.5918
Amfissa,2023-01-21 16:00:00,Ozone (O₃) µg/m³,64.25053
Amfissa,2023-01-22 00:00:00,Ozone (O₃) µg/m³,56.924435
Amfissa,2023-01-22 08:00:00,Ozone (O₃) µg/m³,72.14755
Amfissa,2023-01-22 16:00:00,Ozone (O₃) µg/m³,60.75364
Amfissa,2023-01-23 00:00:00,Ozone (O₃) µg/m³,58.491604
Amfissa,2023-01-23 08:00:00,Ozone (O₃) µg/m³,71.29784
Amfissa,2023-01-23 16:00:00,Ozone (O₃) µg/m³,64.77915
Amfissa,2023-01-24 00:00:00,Ozone (O₃) µg/m³,63.437927
Amfissa,2023-01-24 08:00:00,Ozone (O₃) µg/m³,70.597336
Amfissa,2023-01-24 16:00:00,Ozone (O₃) µg/m³,54.89305
Amfissa,2023-01-25 00:00:00,Ozone (O₃) µg/m³,48.552185
Amfissa,2023-01-25 08:00:00,Ozone (O₃) µg/m³,49.323254
Amfissa,2023-01-25 16:00:00,Ozone (O₃) µg/m³,42.18574
Amfissa,2023-01-26 00:00:00,Ozone (O₃) µg/m³,38.547394
Amfissa,2023-01-26 08:00:00,Ozone (O₃) µg/m³,45.38003
Amfissa,2023-01-26 16:00:00,Ozone (O₃) µg/m³,45.60863
Amfissa,2023-01-27 00:00:00,Ozone (O₃) µg/m³,46.33809
Amfissa,2023-01-27 08:00:00,Ozone (O₃) µg/m³,59.403828
Amfissa,2023-01-27 16:00:00,Ozone (O₃) µg/m³,54.91639
Amfissa,2023-01-28 00:00:00,Ozone (O₃) µg/m³,54.63005
Amfissa,2023-01-28 08:00:00,Ozone (O₃) µg/m³,71.43114
Amfissa,2023-01-28 16:00:00,Ozone (O₃) µg/m³,56.51153
Amfissa,2023-01-29 00:00:00,Ozone (O₃) µg/m³,45.42939
Amfissa,2023-01-29 08:00:00,Ozone (O₃) µg/m³,53.359886
Amfissa,2023-01-29 16:00:00,Ozone (O₃) µg/m³,52.9066
Amfissa,2023-01-30 00:00:00,Ozone (O₃) µg/m³,49.896935
Amfissa,2023-01-30 08:00:00,Ozone (O₃) µg/m³,65.0106
Amfissa,2023-01-30 16:00:00,Ozone (O₃) µg/m³,56.91839
Amfissa,2023-01-31 00:00:00,Ozone (O₃) µg/m³,51.128185
Amfissa,2023-01-31 08:00:00,Ozone (O₃) µg/m³,68.10537
Amfissa,2023-01-31 16:00:00,Ozone (O₃) µg/m³,60.21367
Chania,2023-01-01 00:00:00,Ozone (O₃) µg/m³,69.10559
Chania,2023-01-01 08:00:00,Ozone (O₃) µg/m³,71.33061
Chania,2023-01-01 16:00:00,Ozone (O₃) µg/m³,75.13045
Chania,2023-01-02 00:00:00,Ozone (O₃) µg/m³,74.112885
Chania,2023-01-02 08:00:00,Ozone (O₃) µg/m³,71.8588
Chania,2023-01-02 16:00:00,Ozone (O₃) µg/m³,69.08058
Chania,2023-01-03 00:00:00,Ozone (O₃) µg/m³,67.67956
Chania,2023-01-03 08:00:00,Ozone (O₃) µg/m³,81.95144
Chania,2023-01-03 16:00:00,Ozone (O₃) µg/m³,68.62199
Chania,2023-01-04 00:00:00,Ozone (O₃) µg/m³,70.30373
Chania,2023-01-04 08:00:00,Ozone (O₃) µg/m³,74.69381
Chania,2023-01-04 16:00:00,Ozone (O₃) µg/m³,70.029366
Chania,2023-01-05 00:00:00,Ozone (O₃) µg/m³,66.24696
Chania,2023-01-05 08:00:00,Ozone (O₃) µg/m³,64.557846
Chania,2023-01-05 16:00:00,Ozone (O₃) µg/m³,62.75442
Chania,2023-01-06 00:00:00,Ozone (O₃) µg/m³,68.83113
Chania,2023-01-06 08:00:00,Ozone (O₃) µg/m³,75.16693
Chania,2023-01-06 16:00:00,Ozone (O₃) µg/m³,67.033585
Chania,2023-01-07 00:00:00,Ozone (O₃) µg/m³,59.224495
Chania,2023-01-07 08:00:00,Ozone (O₃) µg/m³,72.13211
Chania,2023-01-07 16:00:00,Ozone (O₃) µg/m³,67.98854
Chania,2023-01-08 00:00:00,Ozone (O₃) µg/m³,68.14635
Chania,2023-01-08 08:00:00,Ozone (O₃) µg/m³,75.169754
Chania,2023-01-08 16:00:00,Ozone (O₃) µg/m³,73.77597
Chania,2023-01-09 00:00:00,Ozone (O₃) µg/m³,68.37958
Chania,2023-01-09 08:00:00,Ozone (O₃) µg/m³,74.56003
Chania,2023-01-09 16:00:00,Ozone (O₃) µg/m³,68.46715
Chania,2023-01-10 00:00:00,Ozone (O₃) µg/m³,67.96861
Chania,2023-01-10 08:00:00,Ozone (O₃) µg/m³,79.60072
Chania,2023-01-10 16:00:00,Ozone (O₃) µg/m³,83.53259
Chania,2023-01-11 00:00:00,Ozone (O₃) µg/m³,71.26782
Chania,2023-01-11 08:00:00,Ozone (O₃) µg/m³,67.380295
Chania,2023-01-11 16:00:00,Ozone (O₃) µg/m³,64.94601
Chania,2023-01-12 00:00:00,Ozone (O₃) µg/m³,63.06446
Chania,2023-01-12 08:00:00,Ozone (O₃) µg/m³,66.277405
Chania,2023-01-12 16:00:00,Ozone (O₃) µg/m³,59.805805
Chania,2023-01-13 00:00:00,Ozone (O₃) µg/m³,57.67943
Chania,2023-01-13 08:00:00,Ozone (O₃) µg/m³,55.053047
Chania,2023-01-13 16:00:00,Ozone (O₃) µg/m³,57.935608
Chania,2023-01-14 00:00:00,Ozone (O₃) µg/m³,61.48555
Chania,2023-01-14 08:00:00,Ozone (O₃) µg/m³,67.96353
Chania,2023-01-14 16:00:00,Ozone (O₃) µg/m³,63.829887
Chania,2023-01-15 00:00:00,Ozone (O₃) µg/m³,59.10305
Chania,2023-01-15 08:00:00,Ozone (O₃) µg/m³,67.77956
Chania,2023-01-15 16:00:00,Ozone (O₃) µg/m³,64.94366
Chania,2023-01-16 00:00:00,Ozone (O₃) µg/m³,61.107677
Chania,2023-01-16 08:00:00,Ozone (O₃) µg/m³,73.35941
Chania,2023-01-16 16:00:00,Ozone (O₃) µg/m³,73.11833
Chania,2023-01-17 00:00:00,Ozone (O₃) µg/m³,81.05328
Chania,2023-01-17 08:00:00,Ozone (O₃) µg/m³,86.14543
Chania,2023-01-17 16:00:00,Ozone (O₃) µg/m³,76.55632
Chania,2023-01-18 00:00:00,Ozone (O₃) µg/m³,71.59112
Chania,2023-01-18 08:00:00,Ozone (O₃) µg/m³,77.57417
Chania,2023-01-18 16:00:00,Ozone (O₃) µg/m³,68.83835
Chania,2023-01-19 00:00:00,Ozone (O₃) µg/m³,66.7937
Chania,2023-01-19 08:00:00,Ozone (O₃) µg/m³,73.632416
Chania,2023-01-19 16:00:00,Ozone (O₃) µg/m³,70.05528
Chania,2023-01-20 00:00:00,Ozone (O₃) µg/m³,75.937355
Chania,2023-01-20 08:00:00,Ozone (O₃) µg/m³,77.95099
Chania,2023-01-20 16:00:00,Ozone (O₃) µg/m³,72.42122
Chania,2023-01-21 00:00:00,Ozone (O₃) µg/m³,68.80471
Chania,2023-01-21 08:00:00,Ozone (O₃) µg/m³,76.15114
Chania,2023-01-21 16:00:00,Ozone (O₃) µg/m³,69.76457
Chania,2023-01-22 00:00:00,Ozone (O₃) µg/m³,67.24495
Chania,2023-01-22 08:00:00,Ozone (O₃) µg/m³,77.42798
Chania,2023-01-22 16:00:00,Ozone (O₃) µg/m³,64.863396
Chania,2023-01-23 00:00:00,Ozone (O₃) µg/m³,65.02417
Chania,2023-01-23 08:00:00,Ozone (O₃) µg/m³,79.832634
Chania,2023-01-23 16:00:00,Ozone (O₃) µg/m³,62.670048
Chania,2023-01-24 00:00:00,Ozone (O₃) µg/m³,58.907433
Chania,2023-01-24 08:00:00,Ozone (O₃) µg/m³,77.614006
Chania,2023-01-24 16:00:00,Ozone (O₃) µg/m³,69.02933
Chania,2023-01-25 00:00:00,Ozone (O₃) µg/m³,66.17087
Chania,2023-01-25 08:00:00,Ozone (O₃) µg/m³,78.84196
Chania,2023-01-25 16:00:00,Ozone (O₃) µg/m³,74.47204
Chania,2023-01-26 00:00:00,Ozone (O₃) µg/m³,73.13609
Chania,2023-01-26 08:00:00,Ozone (O₃) µg/m³,80.782166
Chania,2023-01-26 16:00:00,Ozone (O₃) µg/m³,77.18513
Chania,2023-01-27 00:00:00,Ozone (O₃) µg/m³,71.71515
Chania,2023-01-27 08:00:00,Ozone (O₃) µg/m³,83.52071
Chania,2023-01-27 16:00:00,Ozone (O₃) µg/m³,76.73694
Chania,2023-01-28 00:00:00,Ozone (O₃) µg/m³,68.04541
Chania,2023-01-28 08:00:00,Ozone (O₃) µg/m³,76.93059
Chania,2023-01-28 16:00:00,Ozone (O₃) µg/m³,75.55129
Chania,2023-01-29 00:00:00,Ozone (O₃) µg/m³,71.65168
Chania,2023-01-29 08:00:00,Ozone (O₃) µg/m³,81.4644
Chania,2023-01-29 16:00:00,Ozone (O₃) µg/m³,71.49741
Chania,2023-01-30 00:00:00,Ozone (O₃) µg/m³,60.073284
Chania,2023-01-30 08:00:00,Ozone (O₃) µg/m³,65.694496
Chania,2023-01-30 16:00:00,Ozone (O₃) µg/m³,70.5939
Chania,2023-01-31 00:00:00,Ozone (O₃) µg/m³,73.80209
Chania,2023-01-31 08:00:00,Ozone (O₃) µg/m³,73.49503
Chania,2023-01-31 16:00:00,Ozone (O₃) µg/m³,74.86663
Kos,2023-01-01 00:00:00,Ozone (O₃) µg/m³,56.09517
Kos,2023-01-01 08:00:00,Ozone (O₃) µg/m³,65.03111
Kos,2023-01-01 16:00:00,Ozone (O₃) µg/m³,65.18641
Kos,2023-01-02 00:00:00,Ozone (O₃) µg/m³,60.900036
Kos,2023-01-02 08:00:00,Ozone (O₃) µg/m³,70.193634
Kos,2023-01-02 16:00:00,Ozone (O₃) µg/m³,69.52994
Kos,2023-01-03 00:00:00,Ozone (O₃) µg/m³,61.72225
Kos,2023-01-03 08:00:00,Ozone (O₃) µg/m³,67.61084
Kos,2023-01-03 16:00:00,Ozone (O₃) µg/m³,72.49402
Kos,2023-01-04 00:00:00,Ozone (O₃) µg/m³,68.73298
Kos,2023-01-04 08:00:00,Ozone (O₃) µg/m³,65.734146
Kos,2023-01-04 16:00:00,Ozone (O₃) µg/m³,62.08097
Kos,2023-01-05 00:00:00,Ozone (O₃) µg/m³,59.42077
Kos,2023-01-05 08:00:00,Ozone (O₃) µg/m³,60.239082
Kos,2023-01-05 16:00:00,Ozone (O₃) µg/m³,58.26356
Kos,2023-01-06 00:00:00,Ozone (O₃) µg/m³,54.08159
Kos,2023-01-06 08:00:00,Ozone (O₃) µg/m³,63.93335
Kos,2023-01-06 16:00:00,Ozone (O₃) µg/m³,62.64547
Kos,2023-01-07 00:00:00,Ozone (O₃) µg/m³,58.64782
Kos,2023-01-07 08:00:00,Ozone (O₃) µg/m³,70.336334
Kos,2023-01-07 16:00:00,Ozone (O₃) µg/m³,64.71797
Kos,2023-01-08 00:00:00,Ozone (O₃) µg/m³,61.960186
Kos,2023-01-08 08:00:00,Ozone (O₃) µg/m³,78.0625
Kos,2023-01-08 16:00:00,Ozone (O₃) µg/m³,66.890625
Kos,2023-01-09 00:00:00,Ozone (O₃) µg/m³,59.690872
Kos,2023-01-09 08:00:00,Ozone (O₃) µg/m³,73.53775
Kos,2023-01-09 16:00:00,Ozone (O₃) µg/m³,73.66858
Kos,2023-01-10 00:00:00,Ozone (O₃) µg/m³,82.23173
Kos,2023-01-10 08:00:00,Ozone (O₃) µg/m³,84.38945
Kos,2023-01-10 16:00:00,Ozone (O₃) µg/m³,83.92231
Kos,2023-01-11 00:00:00,Ozone (O₃) µg/m³,82.3257
Kos,2023-01-11 08:00:00,Ozone (O₃) µg/m³,72.77307
Kos,2023-01-11 16:00:00,Ozone (O₃) µg/m³,67.04697
Kos,2023-01-12 00:00:00,Ozone (O₃) µg/m³,69.8753
Kos,2023-01-12 08:00:00,Ozone (O₃) µg/m³,71.854095
Kos,2023-01-12 16:00:00,Ozone (O₃) µg/m³,70.602875
Kos,2023-01-13 00:00:00,Ozone (O₃) µg/m³,64.99785
Kos,2023-01-13 08:00:00,Ozone (O₃) µg/m³,68.109985
Kos,2023-01-13 16:00:00,Ozone (O₃) µg/m³,67.12816
Kos,2023-01-14 00:00:00,Ozone (O₃) µg/m³,68.577484
Kos,2023-01-14 08:00:00,Ozone (O₃) µg/m³,60.76197
Kos,2023-01-14 16:00:00,Ozone (O₃) µg/m³,61.42575
Kos,2023-01-15 00:00:00,Ozone (O₃) µg/m³,58.14835
Kos,2023-01-15 08:00:00,Ozone (O₃) µg/m³,65.05691
Kos,2023-01-15 16:00:00,Ozone (O₃) µg/m³,65.117714
Kos,2023-01-16 00:00:00,Ozone (O₃) µg/m³,61.930367
Kos,2023-01-16 08:00:00,Ozone (O₃) µg/m³,67.78284
Kos,2023-01-16 16:00:00,Ozone (O₃) µg/m³,75.25599
Kos,2023-01-17 00:00:00,Ozone (O₃) µg/m³,77.750496
Kos,2023-01-17 08:00:00,Ozone (O₃) µg/m³,84.7558
Kos,2023-01-17 16:00:00,Ozone (O₃) µg/m³,89.66405
Kos,2023-01-18 00:00:00,Ozone (O₃) µg/m³,88.46474
Kos,2023-01-18 08:00:00,Ozone (O₃) µg/m³,91.26876
Kos,2023-01-18 16:00:00,Ozone (O₃) µg/m³,90.86292
Kos,2023-01-19 00:00:00,Ozone (O₃) µg/m³,88.52202
Kos,2023-01-19 08:00:00,Ozone (O₃) µg/m³,92.62489
Kos,2023-01-19 16:00:00,Ozone (O₃) µg/m³,93.7746
Kos,2023-01-20 00:00:00,Ozone (O₃) µg/m³,95.14304
Kos,2023-01-20 08:00:00,Ozone (O₃) µg/m³,93.54032
Kos,2023-01-20 16:00:00,Ozone (O₃) µg/m³,78.22777
Kos,2023-01-21 00:00:00,Ozone (O₃) µg/m³,75.30331
Kos,2023-01-21 08:00:00,Ozone (O₃) µg/m³,82.93753
Kos,2023-01-21 16:00:00,Ozone (O₃) µg/m³,85.18222
Kos,2023-01-22 00:00:00,Ozone (O₃) µg/m³,81.21553
Kos,2023-01-22 08:00:00,Ozone (O₃) µg/m³,87.77916
Kos,2023-01-22 16:00:00,Ozone (O₃) µg/m³,86.1295
Kos,2023-01-23 00:00:00,Ozone (O₃) µg/m³,87.13883
Kos,2023-01-23 08:00:00,Ozone (O₃) µg/m³,90.34039
Kos,2023-01-23 16:00:00,Ozone (O₃) µg/m³,84.40161
Kos,2023-01-24 00:00:00,Ozone (O₃) µg/m³,73.208115
Kos,2023-01-24 08:00:00,Ozone (O₃) µg/m³,86.89429
Kos,2023-01-24 16:00:00,Ozone (O₃) µg/m³,81.397766
Kos,2023-01-25 00:00:00,Ozone (O₃) µg/m³,66.92183
Kos,2023-01-25 08:00:00,Ozone (O₃) µg/m³,75.34368
Kos,2023-01-25 16:00:00,Ozone (O₃) µg/m³,69.625946
Kos,2023-01-26 00:00:00,Ozone (O₃) µg/m³,67.962006
Kos,2023-01-26 08:00:00,Ozone (O₃) µg/m³,83.92535
Kos,2023-01-26 16:00:00,Ozone (O₃) µg/m³,89.653984
Kos,2023-01-27 00:00:00,Ozone (O₃) µg/m³,97.948074
Kos,2023-01-27 08:00:00,Ozone (O₃) µg/m³,82.36604
Kos,2023-01-27 16:00:00,Ozone (O₃) µg/m³,82.43519
Kos,2023-01-28 00:00:00,Ozone (O₃) µg/m³,82.03907
Kos,2023-01-28 08:00:00,Ozone (O₃) µg/m³,76.5756
Kos,2023-01-28 16:00:00,Ozone (O₃) µg/m³,67.783356
Kos,2023-01-29 00:00:00,Ozone (O₃) µg/m³,67.63851
Kos,2023-01-29 08:00:00,Ozone (O₃) µg/m³,70.90419
Kos,2023-01-29 16:00:00,Ozone (O₃) µg/m³,61.223633
Kos,2023-01-30 00:00:00,Ozone (O₃) µg/m³,62.960907
Kos,2023-01-30 08:00:00,Ozone (O₃) µg/m³,69.96661
Kos,2023-01-30 16:00:00,Ozone (O₃) µg/m³,76.735504
Kos,2023-01-31 00:00:00,Ozone (O₃) µg/m³,70.95156
Kos,2023-01-31 08:00:00,Ozone (O₃) µg/m³,72.95562
Kos,2023-01-31 16:00:00,Ozone (O₃) µg/m³,73.77638
Polygyros,2023-01-01 00:00:00,Ozone (O₃) µg/m³,52.460915
Polygyros,2023-01-01 08:00:00,Ozone (O₃) µg/m³,53.060173
Polygyros,2023-01-01 16:00:00,Ozone (O₃) µg/m³,45.21309
Polygyros,2023-01-02 00:00:00,Ozone (O₃) µg/m³,48.762096
Polygyros,2023-01-02 08:00:00,Ozone (O₃) µg/m³,49.60735
Polygyros,2023-01-02 16:00:00,Ozone (O₃) µg/m³,45.41271
Polygyros,2023-01-03 00:00:00,Ozone (O₃) µg/m³,53.867973
Polygyros,2023-01-03 08:00:00,Ozone (O₃) µg/m³,52.237213
Polygyros,2023-01-03 16:00:00,Ozone (O₃) µg/m³,46.858635
Polygyros,2023-01-04 00:00:00,Ozone (O₃) µg/m³,47.93139
Polygyros,2023-01-04 08:00:00,Ozone (O₃) µg/m³,52.684814
Polygyros,2023-01-04 16:00:00,Ozone (O₃) µg/m³,49.373657
Polygyros,2023-01-05 00:00:00,Ozone (O₃) µg/m³,41.186195
Polygyros,2023-01-05 08:00:00,Ozone (O₃) µg/m³,43.443535
Polygyros,2023-01-05 16:00:00,Ozone (O₃) µg/m³,45.144302
Polygyros,2023-01-06 00:00:00,Ozone (O₃) µg/m³,50.652622
Polygyros,2023-01-06 08:00:00,Ozone (O₃) µg/m³,53.939552
Polygyros,2023-01-06 16:00:00,Ozone (O₃) µg/m³,50.1066
Polygyros,2023-01-07 00:00:00,Ozone (O₃) µg/m³,49.33712
Polygyros,2023-01-07 08:00:00,Ozone (O₃) µg/m³,56.678127
Polygyros,2023-01-07 16:00:00,Ozone (O₃) µg/m³,53.43941
Polygyros,2023-01-08 00:00:00,Ozone (O₃) µg/m³,55.45832
Polygyros,2023-01-08 08:00:00,Ozone (O₃) µg/m³,57.53732
Polygyros,2023-01-08 16:00:00,Ozone (O₃) µg/m³,54.940624
Polygyros,2023-01-09 00:00:00,Ozone (O₃) µg/m³,54.457817
Polygyros,2023-01-09 08:00:00,Ozone (O₃) µg/m³,53.95492
Polygyros,2023-01-09 16:00:00,Ozone (O₃) µg/m³,64.42306
Polygyros,2023-01-10 00:00:00,Ozone (O₃) µg/m³,70.04285
Polygyros,2023-01-10 08:00:00,Ozone (O₃) µg/m³,65.61104
Polygyros,2023-01-10 16:00:00,Ozone (O₃) µg/m³,50.36161
Polygyros,2023-01-11 00:00:00,Ozone (O₃) µg/m³,40.343525
Polygyros,2023-01-11 08:00:00,Ozone (O₃) µg/m³,51.6612
Polygyros,2023-01-11 16:00:00,Ozone (O₃) µg/m³,39.783905
Polygyros,2023-01-12 00:00:00,Ozone (O₃) µg/m³,39.352142
Polygyros,2023-01-12 08:00:00,Ozone (O₃) µg/m³,52.403297
Polygyros,2023-01-12 16:00:00,Ozone (O₃) µg/m³,40.4475
Polygyros,2023-01-13 00:00:00,Ozone (O₃) µg/m³,40.512672
Polygyros,2023-01-13 08:00:00,Ozone (O₃) µg/m³,44.62004
Polygyros,2023-01-13 16:00:00,Ozone (O₃) µg/m³,42.860725
Polygyros,2023-01-14 00:00:00,Ozone (O₃) µg/m³,44.01274
Polygyros,2023-01-14 08:00:00,Ozone (O₃) µg/m³,45.74472
Polygyros,2023-01-14 16:00:00,Ozone (O₃) µg/m³,40.37539
Polygyros,2023-01-15 00:00:00,Ozone (O₃) µg/m³,43.112835
Polygyros,2023-01-15 08:00:00,Ozone (O₃) µg/m³,54.79742
Polygyros,2023-01-15 16:00:00,Ozone (O₃) µg/m³,59.38053
Polygyros,2023-01-16 00:00:00,Ozone (O₃) µg/m³,56.861465
Polygyros,2023-01-16 08:00:00,Ozone (O₃) µg/m³,60.74291
Polygyros,2023-01-16 16:00:00,Ozone (O₃) µg/m³,65.02513
Polygyros,2023-01-17 00:00:00,Ozone (O₃) µg/m³,74.1206
Polygyros,2023-01-17 08:00:00,Ozone (O₃) µg/m³,70.7449
Polygyros,2023-01-17 16:00:00,Ozone (O₃) µg/m³,75.22772
Polygyros,2023-01-18 00:00:00,Ozone (O₃) µg/m³,76.26959
Polygyros,2023-01-18 08:00:00,Ozone (O₃) µg/m³,74.1533
Polygyros,2023-01-18 16:00:00,Ozone (O₃) µg/m³,74.020744
Polygyros,2023-01-19 00:00:00,Ozone (O₃) µg/m³,70.43229
Polygyros,2023-01-19 08:00:00,Ozone (O₃) µg/m³,73.97076
Polygyros,2023-01-19 16:00:00,Ozone (O₃) µg/m³,76.48822
Polygyros,2023-01-20 00:00:00,Ozone (O₃) µg/m³,76.31238
Polygyros,2023-01-20 08:00:00,Ozone (O₃) µg/m³,68.30588
Polygyros,2023-01-20 16:00:00,Ozone (O₃) µg/m³,65.23894
Polygyros,2023-01-21 00:00:00,Ozone (O₃) µg/m³,66.61447
Polygyros,2023-01-21 08:00:00,Ozone (O₃) µg/m³,72.25896
Polygyros,2023-01-21 16:00:00,Ozone (O₃) µg/m³,69.92059
Polygyros,2023-01-22 00:00:00,Ozone (O₃) µg/m³,63.6334
Polygyros,2023-01-22 08:00:00,Ozone (O₃) µg/m³,70.37491
Polygyros,2023-01-22 16:00:00,Ozone (O₃) µg/m³,74.85632
Polygyros,2023-01-23 00:00:00,Ozone (O₃) µg/m³,74.57808
Polygyros,2023-01-23 08:00:00,Ozone (O₃) µg/m³,66.68254
Polygyros,2023-01-23 16:00:00,Ozone (O₃) µg/m³,73.83975
Polygyros,2023-01-24 00:00:00,Ozone (O₃) µg/m³,68.368744
Polygyros,2023-01-24 08:00:00,Ozone (O₃) µg/m³,56.13694
Polygyros,2023-01-24 16:00:00,Ozone (O₃) µg/m³,51.101097
Polygyros,2023-01-25 00:00:00,Ozone (O₃) µg/m³,50.772156
Polygyros,2023-01-25 08:00:00,Ozone (O₃) µg/m³,55.624935
Polygyros,2023-01-25 16:00:00,Ozone (O₃) µg/m³,52.313522
Polygyros,2023-01-26 00:00:00,Ozone (O₃) µg/m³,53.181137
Polygyros,2023-01-26 08:00:00,Ozone (O₃) µg/m³,48.721474
Polygyros,2023-01-26 16:00:00,Ozone (O₃) µg/m³,52.13353
Polygyros,2023-01-27 00:00:00,Ozone (O₃) µg/m³,50.604473
Polygyros,2023-01-27 08:00:00,Ozone (O₃) µg/m³,54.531555
Polygyros,2023-01-27 16:00:00,Ozone (O₃) µg/m³,44.359703
Polygyros,2023-01-28 00:00:00,Ozone (O₃) µg/m³,35.85648
Polygyros,2023-01-28 08:00:00,Ozone (O₃) µg/m³,47.14685
Polygyros,2023-01-28 16:00:00,Ozone (O₃) µg/m³,43.462482
Polygyros,2023-01-29 00:00:00,Ozone (O₃) µg/m³,41.282124
Polygyros,2023-01-29 08:00:00,Ozone (O₃) µg/m³,49.319878
Polygyros,2023-01-29 16:00:00,Ozone (O₃) µg/m³,43.445816
Polygyros,2023-01-30 00:00:00,Ozone (O₃) µg/m³,44.705223
Polygyros,2023-01-30 08:00:00,Ozone (O₃) µg/m³,55.119247
Polygyros,2023-01-30 16:00:00,Ozone (O₃) µg/m³,57.254242
Polygyros,2023-01-31 00:00:00,Ozone (O₃) µg/m³,54.35182
Polygyros,2023-01-31 08:00:00,Ozone (O₃) µg/m³,59.83567
Polygyros,2023-01-31 16:00:00,Ozone (O₃) µg/m³,53.450584
Fira,2023-01-01 00:00:00,Ozone (O₃) µg/m³,71.15812
Fira,2023-01-01 08:00:00,Ozone (O₃) µg/m³,75.547
Fira,2023-01-01 16:00:00,Ozone (O₃) µg/m³,77.14046
Fira,2023-01-02 00:00:00,Ozone (O₃) µg/m³,70.23125
Fira,2023-01-02 08:00:00,Ozone (O₃) µg/m³,73.30476
Fira,2023-01-02 16:00:00,Ozone (O₃) µg/m³,76.20909
Fira,2023-01-03 00:00:00,Ozone (O₃) µg/m³,73.06459
Fira,2023-01-03 08:00:00,Ozone (O₃) µg/m³,78.75427
Fira,2023-01-03 16:00:00,Ozone (O₃) µg/m³,84.159904
Fira,2023-01-04 00:00:00,Ozone (O₃) µg/m³,86.524765
Fira,2023-01-04 08:00:00,Ozone (O₃) µg/m³,85.32114
Fira,2023-01-04 16:00:00,Ozone (O₃) µg/m³,75.51692
Fira,2023-01-05 00:00:00,Ozone (O₃) µg/m³,58.137672
Fira,2023-01-05 08:00:00,Ozone (O₃) µg/m³,60.312492
Fira,2023-01-05 16:00:00,Ozone (O₃) µg/m³,68.481995
Fira,2023-01-06 00:00:00,Ozone (O₃) µg/m³,68.71739
Fira,2023-01-06 08:00:00,Ozone (O₃) µg/m³,69.07154
Fira,2023-01-06 16:00:00,Ozone (O₃) µg/m³,74.6031
Fira,2023-01-07 00:00:00,Ozone (O₃) µg/m³,72.66557
Fira,2023-01-07 08:00:00,Ozone (O₃) µg/m³,73.471924
Fira,2023-01-07 16:00:00,Ozone (O₃) µg/m³,76.169205
Fira,2023-01-08 00:00:00,Ozone (O₃) µg/m³,73.560745
Fira,2023-01-08 08:00:00,Ozone (O₃) µg/m³,74.61161
Fira,2023-01-08 16:00:00,Ozone (O₃) µg/m³,75.47969
Fira,2023-01-09 00:00:00,Ozone (O₃) µg/m³,69.77899
Fira,2023-01-09 08:00:00,Ozone (O₃) µg/m³,75.963745
Fira,2023-01-09 16:00:00,Ozone (O₃) µg/m³,82.28525
Fira,2023-01-10 00:00:00,Ozone (O₃) µg/m³,79.823456
Fira,2023-01-10 08:00:00,Ozone (O₃) µg/m³,80.82471
Fira,2023-01-10 16:00:00,Ozone (O₃) µg/m³,88.17679
Fira,2023-01-11 00:00:00,Ozone (O₃) µg/m³,77.40335
Fira,2023-01-11 08:00:00,Ozone (O₃) µg/m³,71.56154
Fira,2023-01-11 16:00:00,Ozone (O₃) µg/m³,63.95844
Fira,2023-01-12 00:00:00,Ozone (O₃) µg/m³,61.88104
Fira,2023-01-12 08:00:00,Ozone (O₃) µg/m³,65.82323
Fira,2023-01-12 16:00:00,Ozone (O₃) µg/m³,63.456184
Fira,2023-01-13 00:00:00,Ozone (O₃) µg/m³,58.430866
Fira,2023-01-13 08:00:00,Ozone (O₃) µg/m³,61.357838
Fira,2023-01-13 16:00:00,Ozone (O₃) µg/m³,56.38906
Fira,2023-01-14 00:00:00,Ozone (O₃) µg/m³,54.66773
Fira,2023-01-14 08:00:00,Ozone (O₃) µg/m³,58.488754
Fira,2023-01-14 16:00:00,Ozone (O₃) µg/m³,60.11163
Fira,2023-01-15 00:00:00,Ozone (O₃) µg/m³,62.693924
Fira,2023-01-15 08:00:00,Ozone (O₃) µg/m³,65.87581
Fira,2023-01-15 16:00:00,Ozone (O₃) µg/m³,68.10876
Fira,2023-01-16 00:00:00,Ozone (O₃) µg/m³,66.74966
Fira,2023-01-16 08:00:00,Ozone (O₃) µg/m³,80.61617
Fira,2023-01-16 16:00:00,Ozone (O₃) µg/m³,83.44659
Fira,2023-01-17 00:00:00,Ozone (O₃) µg/m³,84.04182
Fira,2023-01-17 08:00:00,Ozone (O₃) µg/m³,90.222046
Fira,2023-01-17 16:00:00,Ozone (O₃) µg/m³,86.447044
Fira,2023-01-18 00:00:00,Ozone (O₃) µg/m³,87.145325
Fira,2023-01-18 08:00:00,Ozone (O₃) µg/m³,88.82292
Fira,2023-01-18 16:00:00,Ozone (O₃) µg/m³,83.23745
Fira,2023-01-19 00:00:00,Ozone (O₃) µg/m³,83.536545
Fira,2023-01-19 08:00:00,Ozone (O₃) µg/m³,85.7211
Fira,2023-01-19 16:00:00,Ozone (O₃) µg/m³,91.008156
Fira,2023-01-20 00:00:00,Ozone (O₃) µg/m³,95.85651
Fira,2023-01-20 08:00:00,Ozone (O₃) µg/m³,82.7587
Fira,2023-01-20 16:00:00,Ozone (O₃) µg/m³,80.13092
Fira,2023-01-21 00:00:00,Ozone (O₃) µg/m³,79.257286
Fira,2023-01-21 08:00:00,Ozone (O₃) µg/m³,83.23441
Fira,2023-01-21 16:00:00,Ozone (O₃) µg/m³,83.51654
Fira,2023-01-22 00:00:00,Ozone (O₃) µg/m³,78.23364
Fira,2023-01-22 08:00:00,Ozone (O₃) µg/m³,85.09863
Fira,2023-01-22 16:00:00,Ozone (O₃) µg/m³,83.75751
Fira,2023-01-23 00:00:00,Ozone (O₃) µg/m³,85.32925
Fira,2023-01-23 08:00:00,Ozone (O₃) µg/m³,86.31287
Fira,2023-01-23 16:00:00,Ozone (O₃) µg/m³,84.26491
Fira,2023-01-24 00:00:00,Ozone (O₃) µg/m³,78.48471
Fira,2023-01-24 08:00:00,Ozone (O₃) µg/m³,85.30005
Fira,2023-01-24 16:00:00,Ozone (O₃) µg/m³,85.97998
Fira,2023-01-25 00:00:00,Ozone (O₃) µg/m³,79.05808
Fira,2023-01-25 08:00:00,Ozone (O₃) µg/m³,76.42415
Fira,2023-01-25 16:00:00,Ozone (O₃) µg/m³,74.426575
Fira,2023-01-26 00:00:00,Ozone (O₃) µg/m³,77.65195
Fira,2023-01-26 08:00:00,Ozone (O₃) µg/m³,83.076065
Fira,2023-01-26 16:00:00,Ozone (O₃) µg/m³,86.83348
Fira,2023-01-27 00:00:00,Ozone (O₃) µg/m³,80.90443
Fira,2023-01-27 08:00:00,Ozone (O₃) µg/m³,84.98575
Fira,2023-01-27 16:00:00,Ozone (O₃) µg/m³,83.470825
Fira,2023-01-28 00:00:00,Ozone (O₃) µg/m³,76.690994
Fira,2023-01-28 08:00:00,Ozone (O₃) µg/m³,80.19092
Fira,2023-01-28 16:00:00,Ozone (O₃) µg/m³,77.34156
Fira,2023-01-29 00:00:00,Ozone (O₃) µg/m³,74.9687
Fira,2023-01-29 08:00:00,Ozone (O₃) µg/m³,75.26373
Fira,2023-01-29 16:00:00,Ozone (O₃) µg/m³,66.283775
Fira,2023-01-30 00:00:00,Ozone (O₃) µg/m³,65.84249
Fira,2023-01-30 08:00:00,Ozone (O₃) µg/m³,78.60464
Fira,2023-01-30 16:00:00,Ozone (O₃) µg/m³,77.38071
Fira,2023-01-31 00:00:00,Ozone (O₃) µg/m³,67.546524
Fira,2023-01-31 08:00:00,Ozone (O₃) µg/m³,75.47598
Fira,2023-01-31 16:00:00,Ozone (O₃) µg/m³,77.218376
Moudros,2023-01-01 00:00:00,Ozone (O₃) µg/m³,46.963135
Moudros,2023-01-01 08:00:00,Ozone (O₃) µg/m³,57.11896
Moudros,2023-01-01 16:00:00,Ozone (O₃) µg/m³,55.861866
Moudros,2023-01-02 00:00:00,Ozone (O₃) µg/m³,44.651524
Moudros,2023-01-02 08:00:00,Ozone (O₃) µg/m³,48.16994
Moudros,2023-01-02 16:00:00,Ozone (O₃) µg/m³,49.271767
Moudros,2023-01-03 00:00:00,Ozone (O₃) µg/m³,51.458176
Moudros,2023-01-03 08:00:00,Ozone (O₃) µg/m³,61.17579
Moudros,2023-01-03 16:00:00,Ozone (O₃) µg/m³,66.68914
Moudros,2023-01-04 00:00:00,Ozone (O₃) µg/m³,54.22931
Moudros,2023-01-04 08:00:00,Ozone (O₃) µg/m³,54.240883
Moudros,2023-01-04 16:00:00,Ozone (O₃) µg/m³,42.97651
Moudros,2023-01-05 00:00:00,Ozone (O₃) µg/m³,39.902504
Moudros,2023-01-05 08:00:00,Ozone (O₃) µg/m³,43.379555
Moudros,2023-01-05 16:00:00,Ozone (O₃) µg/m³,52.81784
Moudros,2023-01-06 00:00:00,Ozone (O₃) µg/m³,55.247704
Moudros,2023-01-06 08:00:00,Ozone (O₃) µg/m³,55.51676
Moudros,2023-01-06 16:00:00,Ozone (O₃) µg/m³,52.006096
Moudros,2023-01-07 00:00:00,Ozone (O₃) µg/m³,39.061886
Moudros,2023-01-07 08:00:00,Ozone (O₃) µg/m³,46.91068
Moudros,2023-01-07 16:00:00,Ozone (O₃) µg/m³,53.33852
Moudros,2023-01-08 00:00:00,Ozone (O₃) µg/m³,50.65554
Moudros,2023-01-08 08:00:00,Ozone (O₃) µg/m³,48.643753
Moudros,2023-01-08 16:00:00,Ozone (O₃) µg/m³,42.052402
Moudros,2023-01-09 00:00:00,Ozone (O₃) µg/m³,41.410866
Moudros,2023-01-09 08:00:00,Ozone (O₃) µg/m³,54.1082
Moudros,2023-01-09 16:00:00,Ozone (O₃) µg/m³,77.1106
Moudros,2023-01-10 00:00:00,Ozone (O₃) µg/m³,80.8867
Moudros,2023-01-10 08:00:00,Ozone (O₃) µg/m³,81.0869
Moudros,2023-01-10 16:00:00,Ozone (O₃) µg/m³,77.456116
Moudros,2023-01-11 00:00:00,Ozone (O₃) µg/m³,72.6974
Moudros,2023-01-11 08:00:00,Ozone (O₃) µg/m³,72.33273
Moudros,2023-01-11 16:00:00,Ozone (O₃) µg/m³,58.422432
Moudros,2023-01-12 00:00:00,Ozone (O₃) µg/m³,47.297173
Moudros,2023-01-12 08:00:00,Ozone (O₃) µg/m³,46.223713
Moudros,2023-01-12 16:00:00,Ozone (O₃) µg/m³,39.07995
Moudros,2023-01-13 00:00:00,Ozone (O₃) µg/m³,41.370934
Moudros,2023-01-13 08:00:00,Ozone (O₃) µg/m³,47.05486
Moudros,2023-01-13 16:00:00,Ozone (O₃) µg/m³,41.00581
Moudros,2023-01-14 00:00:00,Ozone (O₃) µg/m³,47.44429
Moudros,2023-01-14 08:00:00,Ozone (O₃) µg/m³,56.579712
Moudros,2023-01-14 16:00:00,Ozone (O₃) µg/m³,63.4865
Moudros,2023-01-15 00:00:00,Ozone (O₃) µg/m³,63.108932
Moudros,2023-01-15 08:00:00,Ozone (O₃) µg/m³,60.520233
Moudros,2023-01-15 16:00:00,Ozone (O₃) µg/m³,59.752186
Moudros,2023-01-16 00:00:00,Ozone (O₃) µg/m³,58.647644
Moudros,2023-01-16 08:00:00,Ozone (O₃) µg/m³,73.794014
Moudros,2023-01-16 16:00:00,Ozone (O₃) µg/m³,78.43291
Moudros,2023-01-17 00:00:00,Ozone (O₃) µg/m³,86.00325
Moudros,2023-01-17 08:00:00,Ozone (O₃) µg/m³,86.061226
Moudros,2023-01-17 16:00:00,Ozone (O₃) µg/m³,87.051895
Moudros,2023-01-18 00:00:00,Ozone (O₃) µg/m³,83.1255
Moudros,2023-01-18 08:00:00,Ozone (O₃) µg/m³,82.17632
Moudros,2023-01-18 16:00:00,Ozone (O₃) µg/m³,84.07312
Moudros,2023-01-19 00:00:00,Ozone (O₃) µg/m³,81.98745
Moudros,2023-01-19 08:00:00,Ozone (O₃) µg/m³,85.24034
Moudros,2023-01-19 16:00:00,Ozone (O₃) µg/m³,89.99236
Moudros,2023-01-20 00:00:00,Ozone (O₃) µg/m³,93.19349
Moudros,2023-01-20 08:00:00,Ozone (O₃) µg/m³,79.937904
Moudros,2023-01-20 16:00:00,Ozone (O₃) µg/m³,74.704575
Moudros,2023-01-21 00:00:00,Ozone (O₃) µg/m³,77.129074
Moudros,2023-01-21 08:00:00,Ozone (O₃) µg/m³,81.713425
Moudros,2023-01-21 16:00:00,Ozone (O₃) µg/m³,84.810394
Moudros,2023-01-22 00:00:00,Ozone (O₃) µg/m³,81.484985
Moudros,2023-01-22 08:00:00,Ozone (O₃) µg/m³,82.205826
Moudros,2023-01-22 16:00:00,Ozone (O₃) µg/m³,82.24648
Moudros,2023-01-23 00:00:00,Ozone (O₃) µg/m³,69.880264
Moudros,2023-01-23 08:00:00,Ozone (O₃) µg/m³,61.64745
Moudros,2023-01-23 16:00:00,Ozone (O₃) µg/m³,65.64105
Moudros,2023-01-24 00:00:00,Ozone (O₃) µg/m³,68.55003
Moudros,2023-01-24 08:00:00,Ozone (O₃) µg/m³,63.821968
Moudros,2023-01-24 16:00:00,Ozone (O₃) µg/m³,57.117043
Moudros,2023-01-25 00:00:00,Ozone (O₃) µg/m³,53.452522
Moudros,2023-01-25 08:00:00,Ozone (O₃) µg/m³,53.699577
Moudros,2023-01-25 16:00:00,Ozone (O₃) µg/m³,54.21607
Moudros,2023-01-26 00:00:00,Ozone (O₃) µg/m³,48.126736
Moudros,2023-01-26 08:00:00,Ozone (O₃) µg/m³,58.160904
Moudros,2023-01-26 16:00:00,Ozone (O₃) µg/m³,75.401535
Moudros,2023-01-27 00:00:00,Ozone (O₃) µg/m³,58.61022
Moudros,2023-01-27 08:00:00,Ozone (O₃) µg/m³,60.645187
Moudros,2023-01-27 16:00:00,Ozone (O₃) µg/m³,66.52944
Moudros,2023-01-28 00:00:00,Ozone (O₃) µg/m³,55.867706
Moudros,2023-01-28 08:00:00,Ozone (O₃) µg/m³,47.367264
Moudros,2023-01-28 16:00:00,Ozone (O₃) µg/m³,46.285477
Moudros,2023-01-29 00:00:00,Ozone (O₃) µg/m³,45.59487
Moudros,2023-01-29 08:00:00,Ozone (O₃) µg/m³,56.393486
Moudros,2023-01-29 16:00:00,Ozone (O₃) µg/m³,53.32878
Moudros,2023-01-30 00:00:00,Ozone (O₃) µg/m³,65.668274
Moudros,2023-01-30 08:00:00,Ozone (O₃) µg/m³,65.79297
Moudros,2023-01-30 16:00:00,Ozone (O₃) µg/m³,64.723434
Moudros,2023-01-31 00:00:00,Ozone (O₃) µg/m³,62.32465
Moudros,2023-01-31 08:00:00,Ozone (O₃) µg/m³,68.53674
Moudros,2023-01-31 16:00:00,Ozone (O₃) µg/m³,66.6503
